1053,1257,1466,1657,1809,1878,1871,1808,1766,1713,1646,1616,1578,1525,1460,1402,1348,1321,1279,1232,1173,1106,1062,1049,1042,1035,1028,1022,1018,1012,1004,996,984,964,900,819,784,771,792,827,862,892,925,961,990,1010,1022,1007,982,953,930,911,889,859,835,827,822,817,812,806,801,793,783,782,789,799,807,788,761,738,726,712,694,664,604,531,462,399,340,294,275,267,261,259,268,286,305,327,337,341,346,352,349,332,319,310,302,293,286,277,240,200,186,182,188,201,213,225,233,236,239,241,243,247,249,249,245,237,227,215,195,180,165,149,133,93,46,19,1,-10,-22,-35,-46,-55,-65,-72,-80,-95,-126,-170,-202,-220,-233,-246,-257,-263,-269,-274,-277,-279,-278,-276,-270,-260,-246,-194,-102,-6,50,69,60,33,-12,-82,-184,-304,-427,-534,-605,-638,-654,-663,-668,-672,-672,-669,-663,-654,-639,-609,-574,-551,-538,-529,-541,-553,-561,-567,-571,-574,-577,-582,-588,-570,-539,-510,-495,-487,-482,-477,-472,-468,-462,-455,-452,-454,-459,-462,-464,-465,-466,-464,-460,-453,-443,-424,-394,-382,-376,-371,-368,-365,-363,-360,-358,-356,-355,-355,-354,-354,-354,-354,-353,-352,-349,-345,-341,-336,-330,-322,-309,-285,-262,-236,-221,-214,-208,-202,-196,-191,-186,-183,-179,-175,-171,-168,-166,-165,-164,-165,-166,-167,-170,-174,-179,-184,-188,-193,-197,-201,-206,-211,-217,-223,-229,-235,-241,-249,-260,-272,-283,-292,-300,-308,-314,-319,-324,-328,-333,-338,-343,-346,-348,-347,-343,-338,-334,-329,-321,-305,-288,-267,-240,-224,-216,-209,-200,-191,-182,-169,-151,-140,-127,-104,-78,-62,-58,-52,-46,-57,-77,-104,-124,-133,-139,-143,-148,-151,-154,-156,-161,-168,-150,-133,-122,-110,-96,-83,-74,-66,-58,-50,-43,-38,-33,-28,-20,-8,4,17,54,114,187,271,358,435,497,531,542,525,475,382,277,188,119,65,42,29,21,38,57,72,71,50,38,30,23,18,14,10,7,4,2,0,-2,-4,-10,-20,-3,23,57,80,95,104,103,94,81,69,54,44,38,32,26,22,22,28,39,73,122,149,164,173,180,183,182,176,167,135,83,59,47,41,35,27,17,6,-6,-22,-32,-40,-46,-50,-54,-56,-55,-49,-41,-34,-31,-28,-24,-21,-17,-13,-9,-6,-3,0,0,0,0,-1,-3,-6,-9,-13,-17,-21,-24,-28,-32,-42,-54,-64,-72,-81,-89,-99,-108,-113,-118,-121,-123,-124,-126,-128,-130,-130,-127,-123,-118,-112,-106,-98,-86,-74,-66,-59,-53,-48,-42,-35,-28,-20,-12,0,18,33,52,75,114,148,159,165,167,165,159,149,132,97,67,48,40,46,61,74,89,99,102,104,109,115,92,66,45,36,32,28,24,22,20,22,28,36,43,51,61,72,86,111,141,182,241,324,430,547,655,697,687,587,395,160,-63,-185,-194,-122,-2,53,72,71,60,51,45,41,38,38,37,35,31,26,28,41,49,55,60,63,65,65,64,61,58,55,52,49,45,41,39,40,47,56,66,74,84,94,101,106,110,114,118,124,126,120,109,101,93,85,77,70,63,55,48,41,33,22,10,0,-8,-17,-24,-27,-28,-28,-28,-31,-36,-39,-33,-21,-7,9,23,28,31,33,36,40,42,43,42,41,41,40,38,36,34,32,30,28,28,26,24,23,23,26,32,39,45,52,64,73,78,82,85,87,88,90,91,92,93,94,95,95,95,97,101,107,106,89,65,37,24,17,12,10,11,14,19,27,40,55,76,92,98,101,105,109,112,116,118,120,122,125,128,129,129,128,128,127,125,122,117,110,104,99,95,91,86,80,73,67,62,58,55,52,48,44,40,35,26,18,19,27,40,61,96,133,165,212,262,321,403,517,655,770,813,763,631,443,243,95,30,9,-2,-6,-5,-1,4,11,19,19,5,-14,-33,-42,-48,-46,-30,-19,-12,-5,0,3,3,2,0,-2,-4,-9,-16,-7,1,8,11,6,-4,-13,-21,-30,-40,-51,-63,-77,-85,-80,-69,-50,-29,-19,-12,-7,-3,0,9,4,-25,-46,-54,-58,-60,-63,-65,-67,-69,-70,-72,-73,-73,-73,-74,-75,-75,-76,-78,-81,-82,-84,-86,-88,-90,-92,-97,-91,-60,-41,-34,-31,-28,-27,-27,-29,-34,-40,-45,-50,-55,-60,-65,-70,-75,-80,-84,-88,-94,-103,-109,-103,-91,-80,-70,-61,-57,-54,-51,-48,-45,-42,-40,-40,-43,-50,-59,-75,-94,-103,-110,-101,-95,-93,-90,-88,-86,-83,-80,-78,-76,-75,-73,-71,-68,-59,-38,-24,-17,-11,-7,-2,1,4,10,23,46,69,91,115,130,136,141,144,138,125,109,90,80,75,71,68,64,59,54,49,45,41,37,34,32,29,27,25,22,18,13,11,17,33,75,143,231,334,450,566,643,642,560,363,121,-101,-213,-228,-196,-141,-110,-99,-101,-116,-127,-136,-145,-155,-165,-186,-206,-212,-218,-221,-216,-201,-178,-142,-100,-75,-67,-64,-61,-58,-55,-52,-48,-44,-39,-31,-15,15,39,57,71,82,90,98,107,118,132,151,170,185,199,205,199,188,175,159,143,126,110,100,92,85,81,86,97,108,123,142,168,196,213,224,232,237,240,245,250,235,225,218,212,207,204,203,203,205,207,209,211,217,216,198,187,178,170,164,162,165,172,181,192,206,227,235,239,241,244,246,248,249,249,248,244,238,232,224,214,197,182,168,161,156,152,148,144,142,139,136,131,127,122,117,113,109,104,95,85,79,78,78,77,75,73,72,71,75,84,93,100,107,114,121,127,133,138,141,146,150,153,154,150,142,130,110,75,59,51,45,40,35,32,28,23,19,14,9,5,2,-1,-8,-15,-22,-25,-23,-18,-9,0,19,57,128,216,319,423,517,599,635,648,618,525,385,235,105,24,-2,16,38,55,55,39,15,-8,-23,-34,-34,-25,-17,-10,-4,-5,-16,-28,-36,-41,-46,-50,-53,-58,-62,-66,-68,-69,-69,-70,-71,-73,-77,-81,-84,-85,-83,-81,-79,-76,-73,-70,-70,-76,-84,-91,-98,-106,-112,-117,-122,-127,-132,-137,-143,-151,-161,-171,-179,-187,-195,-202,-206,-205,-200,-193,-186,-177,-169,-159,-149,-139,-130,-123,-118,-114,-111,-108,-105,-103,-101,-100,-99,-98,-95,-92,-89,-87,-86,-83,-81,-79,-76,-72,-69,-67,-63,-58,-51,-45,-38,-33,-29,-27,-25,-21,-17,-14,-12,-10,-6,-1,2,5,8,10,10,11,12,12,10,6,2,-1,-4,-8,-10,-14,-23,-41,-48,-51,-53,-56,-58,-60,-63,-66,-68,-69,-70,-70,-69,-67,-66,-66,-66,-67,-67,-68,-71,-74,-79,-86,-96,-106,-114,-124,-135,-147,-158,-163,-166,-171,-176,-181,-186,-190,-192,-194,-195,-197,-198,-199,-198,-196,-195,-194,-199,-206,-192,-150,-85,6,119,241,325,353,314,197,-19,-265,-463,-559,-567,-511,-417,-330,-263,-227,-203,-185,-177,-185,-206,-242,-272,-284,-294,-292,-272,-260,-252,-245,-239,-234,-230,-224,-219,-214,-210,-208,-205,-203,-200,-196,-192,-188,-183,-178,-172,-166,-159,-150,-140,-116,-81,-66,-55,-50,-52,-66,-84,-101,-122,-138,-153,-160,-165,-169,-172,-173,-174,-175,-177,-178,-178,-178,-179,-181,-184,-187,-189,-190,-190,-191,-191,-191,-191,-192,-194,-198,-208,-218,-220,-212,-201,-193,-186,-179,-173,-170,-171,-174,-179,-185,-192,-202,-208,-200,-185,-177,-171,-166,-161,-157,-153,-149,-146,-142,-140,-136,-133,-130,-124,-113,-106,-108,-112,-116,-120,-123,-123,-116,-104,-88,-70,-65,-62,-60,-57,-55,-51,-45,-38,-31,-27,-24,-20,-16,-12,-8,-4,1,7,14,22,29,36,42,51,61,70,76,78,77,73,68,59,48,5,-42,-70,-94,-110,-114,-117,-121,-117,-93,-76,-62,-51,-44,-43,-46,-49,-52,-56,-63,-61,-47,-27,0,31,65,127,211,313,426,527,567,557,463,292,102,-57,-148,-179,-164,-117,-57,-36,-32,-29,-27,-25,-23,-23,-23,-23,-24,-25,-26,-27,-30,-32,-33,-29,-21,-11,0,17,29,39,46,52,56,61,65,70,76,85,102,132,148,156,163,168,170,169,166,159,152,145,138,130,122,115,108,101,93,82,75,79,88,92,95,98,101,104,107,110,113,115,117,119,121,123,125,128,135,142,143,143,142,139,135,150,160,164,168,169,171,172,174,178,182,185,188,191,194,197,200,202,205,207,211,216,220,222,222,219,216,212,208,204,198,191,186,184,186,190,194,198,203,208,211,210,206,200,196,191,186,184,187,194,202,211,224,234,240,247,255,260,255,242,234,226,219,214,212,213,214,216,218,223,229,213,198,188,179,171,163,151,135,124,115,108,100,89,76,58,36,22,11,3,-3,-8,-12,-19,-27,-27,-14,4,29,52,76,101,123,158,207,284,396,526,641,674,657,536,330,107,-62,-112,-109,-72,-46,-32,-22,-25,-41,-49,-55,-60,-64,-66,-68,-70,-71,-73,-73,-72,-70,-66,-62,-59,-55,-52,-46,-33,-19,-3,11,26,33,28,16,9,2,-3,-9,-13,-13,-12,-9,-7,-4,0,5,4,-6,-13,-18,-22,-26,-30,-35,-39,-44,-50,-61,-77,-95,-104,-110,-115,-119,-123,-126,-127,-128,-126,-124,-121,-117,-112,-106,-102,-97,-93,-88,-83,-77,-72,-67,-63,-58,-53,-47,-42,-36,-28,-21,-15,-13,-13,-14,-15,-16,-17,-17,-17,-17,-18,-18,-18,-18,-18,-18,-17,-16,-14,-11,-7,-3,0,4,10,17,24,31,38,44,53,64,70,61,44,32,21,12,5,2,3,6,11,16,22,31,38,38,31,23,17,12,7,3,2,4,7,13,20,29,42,42,29,11,-17,-39,-50,-61,-73,-84,-91,-98,-103,-108,-113,-117,-120,-123,-125,-127,-129,-132,-136,-142,-147,-146,-138,-126,-105,-75,-28,15,70,143,236,326,360,352,276,138,-33,-201,-328,-375,-392,-375,-322,-272,-255,-252,-250,-248,-246,-252,-263,-270,-277,-284,-288,-287,-281,-272,-263,-255,-246,-238,-230,-221,-213,-205,-197,-186,-177,-172,-176,-185,-197,-210,-229,-235,-237,-241,-245,-233,-212,-189,-173,-161,-163,-178,-188,-194,-199,-203,-206,-207,-206,-203,-198,-192,-185,-176,-160,-148,-138,-127,-117,-105,-89,-77,-67,-58,-52,-48,-45,-43,-40,-34,-34,-38,-40,-43,-47,-55,-64,-69,-74,-80,-84,-86,-85,-80,-74,-66,-51,-32,-24,-18,-14,-18,-30,-48,-74,-89,-96,-101,-105,-107,-106,-103,-96,-87,-73,-47,-31,-22,-15,-12,-10,-9,-8,-7,-5,-3,-3,-5,-9,-11,-14,-16,-17,-14,-7,3,24,54,75,91,107,121,133,145,158,172,186,194,200,206,213,215,208,192,174,153,140,132,125,121,119,122,130,142,162,194,223,251,278,298,308,316,315,298,274,248,230,218,218,235,280,344,419,489,545,584,597,573,500,392,276,171,109,86,85,101,118,136,151,169,195,242,272,282,268,221,174,144,118,101,98,95,92,103,111,115,118,120,121,121,118,113,107,101,96,90,84,79,74,70,66,62,59,55,51,47,43,39,36,34,33,29,24,39,55,66,71,65,53,43,31,20,11,-3,-28,-58,-71,-73,-74,-76,-77,-78,-79,-78,-77,-74,-70,-64,-78,-120,-157,-163,-168,-172,-175,-177,-179,-181,-182,-184,-186,-188,-191,-192,-193,-194,-194,-195,-196,-198,-201,-204,-209,-216,-224,-232,-239,-247,-254,-260,-265,-270,-275,-280,-283,-285,-287,-288,-287,-286,-283,-280,-275,-269,-263,-257,-246,-225,-214,-208,-204,-200,-197,-194,-192,-190,-189,-189,-190,-191,-194,-199,-204,-210,-217,-225,-234,-252,-265,-277,-284,-291,-297,-301,-303,-302,-296,-289,-280,-270,-255,-241,-228,-218,-211,-205,-199,-192,-187,-182,-177,-169,-152,-116,-76,-53,-44,-37,-40,-60,-90,-128,-193,-260,-308,-323,-331,-331,-322,-305,-278,-227,-192,-171,-156,-150,-152,-158,-165,-172,-182,-190,-189,-178,-164,-152,-138,-128,-128,-133,-140,-147,-156,-155,-138,-115,-87,-63,-37,-10,16,64,114,173,208,266,324,383,420,448,465,480,494,511,530,539,544,549,553,553,546,535,516,485,455,422,388,357,342,334,327,323,322,324,329,336,344,355,371,369,344,323,306,290,278,269,259,250,240,230,222,214,203,187,166,135,109,102,99,97,96,95,95,94,94,94,94,95,96,98,100,101,103,107,104,84,68,55,44,36,29,24,21,17,13,10,9,8,7,5,4,3,4,6,10,14,17,20,24,23,13,7,3,0,-3,-7,-13,-18,-23,-29,-37,-47,-66,-91,-119,-144,-152,-156,-159,-162,-163,-165,-165,-166,-166,-165,-162,-159,-153,-146,-137,-125,-104,-81,-51,-13,24,62,89,106,113,107,89,35,-83,-208,-285,-312,-301,-262,-203,-138,-99,-90,-84,-79,-75,-72,-68,-64,-62,-60,-58,-56,-54,-53,-53,-52,-51,-50,-49,-49,-50,-52,-56,-61,-65,-71,-81,-87,-77,-58,-43,-28,-16,-11,-9,-7,-6,-4,-2,-2,-2,-2,-6,-12,-19,-25,-29,-34,-39,-44,-48,-51,-54,-56,-57,-57,-55,-52,-49,-45,-40,-36,-31,-25,-20,-15,-11,-6,0,7,13,17,18,16,13,10,6,2,-6,-21,-20,7,27,45,59,65,67,69,73,79,82,77,66,60,56,51,47,43,41,39,40,43,49,57,66,76,87,101,117,137,156,165,171,176,181,186,191,195,200,204,208,211,214,217,218,219,220,220,223,227,232,237,241,241,235,223,208,191,169,134,111,97,86,76,68,63,61,64,69,76,82,87,91,95,100,104,109,116,124,135,147,171,217,262,301,332,371,406,430,430,400,314,168,22,-95,-134,-110,-71,-19,26,58,74,84,93,99,98,89,80,76,71,67,64,61,59,55,52,48,46,45,46,49,51,54,56,60,65,71,76,81,85,89,96,105,113,117,115,109,100,91,86,84,81,77,73,70,66,63,59,55,51,48,46,45,44,44,43,43,43,42,41,39,38,37,36,35,35,35,35,35,35,34,31,28,29,36,43,46,50,53,55,57,58,60,61,61,60,58,55,51,46,42,38,32,22,13,12,21,34,49,67,79,87,92,95,98,100,101,102,103,105,107,109,111,114,117,121,125,130,135,141,152,163,170,175,178,181,184,188,191,192,193,191,188,184,179,172,162,145,131,122,115,110,107,108,113,120,126,131,134,136,139,141,143,146,149,152,155,157,159,161,163,166,170,176,184,227,291,375,463,507,503,433,287,114,-29,-103,-130,-130,-104,-88,-76,-66,-59,-56,-58,-61,-65,-67,-67,-68,-69,-72,-76,-79,-83,-86,-89,-90,-91,-91,-91,-90,-90,-90,-93,-97,-102,-104,-101,-95,-88,-83,-78,-72,-67,-63,-63,-65,-69,-75,-81,-86,-93,-101,-112,-125,-139,-149,-158,-165,-172,-178,-183,-188,-191,-194,-197,-202,-208,-215,-220,-222,-219,-214,-207,-201,-196,-191,-184,-177,-170,-164,-159,-154,-148,-140,-133,-130,-132,-139,-146,-152,-157,-161,-166,-170,-173,-172,-169,-165,-159,-154,-149,-140,-132,-126,-122,-116,-109,-110,-127,-151,-175,-183,-189,-194,-195,-194,-189,-182,-173,-161,-142,-127,-115,-104,-95,-88,-83,-76,-72,-72,-77,-84,-90,-97,-101,-100,-93,-82,-65,-41,-27,-18,-11,-6,-2,2,8,11,4,-7,-18,-28,-38,-48,-58,-65,-71,-76,-81,-84,-88,-90,-92,-94,-97,-102,-110,-109,-94,-81,-70,-58,-45,-2,51,126,227,349,471,533,528,439,263,79,-58,-145,-169,-177,-166,-131,-89,-41,-17,-9,-23,-47,-73,-84,-90,-94,-97,-99,-100,-101,-103,-104,-104,-104,-104,-104,-104,-105,-106,-105,-100,-93,-81,-63,-55,-51,-48,-46,-44,-41,-38,-35,-31,-27,-23,-17,-8,8,24,48,63,67,70,72,73,73,71,68,65,62,60,57,55,53,52,54,57,60,64,66,70,74,78,80,80,78,75,72,68,63,58,52,48,47,50,54,57,60,63,66,69,72,75,78,82,86,91,95,95,89,82,78,74,70,67,65,67,70,74,79,85,95,100,95,84,74,62,52,44,35,23,6,-17,-46,-70,-86,-90,-93,-95,-96,-97,-93,-82,-68,-43,-8,20,47,73,98,115,125,129,125,112,75,28,2,-14,-24,-32,-39,-45,-53,-63,-64,-60,-57,-55,-53,-51,-49,-47,-43,-37,-30,-47,-63,-75,-84,-88,-85,-78,-67,-51,-24,25,86,156,234,322,414,494,525,516,436,287,114,-44,-152,-175,-183,-176,-163,-148,-120,-65,-13,4,8,10,12,14,14,14,12,8,4,0,-5,-10,-17,-24,-28,-28,-23,-16,-10,-7,-2,2,7,10,11,10,8,7,5,3,0,-4,-5,0,6,13,22,27,30,33,35,38,39,38,32,25,15,1,-12,-31,-56,-71,-79,-85,-88,-90,-89,-87,-83,-77,-70,-57,-31,-11,0,6,9,10,12,15,0,-25,-53,-67,-76,-82,-87,-87,-84,-78,-69,-52,-38,-36,-34,-33,-31,-30,-34,-40,-48,-61,-84,-97,-104,-111,-120,-130,-139,-146,-152,-159,-165,-168,-167,-163,-157,-150,-144,-140,-136,-130,-125,-120,-117,-117,-118,-120,-123,-126,-131,-138,-150,-150,-135,-123,-113,-102,-93,-82,-62,-28,-4,9,20,29,37,43,51,57,57,48,37,26,14,4,-2,-6,-11,-17,-22,-23,-21,-19,-17,-15,-13,-13,-17,-23,-29,-34,-40,-46,-50,-52,-52,-49,-43,-35,-21,5,55,117,193,278,363,441,501,508,483,378,231,73,-68,-152,-180,-166,-121,-69,-29,-14,-6,-1,-13,-53,-96,-111,-113,-116,-119,-107,-71,-23,0,16,27,27,13,-5,-32,-58,-77,-95,-112,-129,-147,-158,-166,-172,-176,-175,-174,-171,-165,-149,-97,-49,-24,-9,0,3,3,-1,-11,-28,-54,-69,-78,-84,-87,-84,-77,-71,-66,-62,-57,-52,-47,-41,-36,-29,-22,-15,-7,1,11,21,34,51,61,66,70,74,77,78,75,69,61,54,44,35,35,42,52,63,76,81,84,86,89,92,93,91,85,78,75,71,68,65,63,60,58,57,58,60,63,67,72,77,84,98,126,147,162,172,180,188,192,187,177,168,157,151,156,166,173,179,184,187,189,188,187,186,185,184,183,181,179,178,178,178,179,181,184,189,196,208,234,251,260,268,273,275,275,273,269,265,261,256,250,243,235,224,204,174,149,129,108,82,51,0,-54,-108,-132,-142,-146,-150,-153,-154,-155,-154,-150,-146,-141,-134,-120,-88,-24,73,200,339,444,460,433,311,133,-61,-221,-286,-285,-255,-238,-239,-259,-277,-294,-302,-299,-295,-291,-287,-283,-281,-284,-289,-295,-301,-309,-307,-294,-276,-253,-240,-234,-227,-218,-208,-197,-187,-177,-167,-161,-156,-152,-149,-148,-146,-144,-142,-141,-139,-137,-135,-132,-130,-129,-127,-126,-123,-120,-112,-97,-92,-88,-84,-85,-101,-116,-130,-139,-145,-150,-157,-160,-152,-131,-99,-58,-39,-28,-21,-15,-10,-6,-4,-2,-1,0,2,5,7,8,8,8,8,7,6,4,1,-1,-1,0,6,12,15,18,23,30,41,54,66,74,82,91,98,102,101,95,85,76,68,63,57,50,43,36,32,30,29,29,30,32,36,42,49,56,62,66,69,74,79,84,88,91,93,93,93,92,91,88,84,80,76,71,62,56,65,83,96,107,117,127,136,144,152,160,167,175,182,189,195,200,205,210,217,224,231,236,238,236,231,223,213,200,176,142,117,99,84,74,66,59,53,47,43,37,31,24,16,7,-1,-12,-26,-38,-43,-41,-33,-23,-5,26,87,159,241,315,341,325,276,141,-36,-220,-356,-392,-385,-309,-238,-212,-211,-228,-249,-276,-292,-302,-308,-307,-299,-285,-269,-248,-222,-209,-201,-193,-186,-179,-174,-169,-165,-162,-161,-159,-157,-154,-152,-150,-147,-143,-139,-136,-133,-132,-130,-129,-127,-125,-124,-122,-117,-112,-109,-110,-116,-123,-131,-142,-147,-138,-123,-116,-112,-108,-105,-101,-98,-95,-91,-87,-83,-78,-74,-71,-68,-66,-63,-61,-59,-57,-55,-53,-51,-48,-44,-41,-38,-35,-32,-29,-25,-22,-19,-17,-14,-10,-3,8,21,30,38,44,51,56,62,67,71,74,77,80,83,87,89,91,94,97,99,101,102,103,103,102,99,96,92,88,84,80,77,71,65,59,56,55,56,57,58,60,63,68,73,76,72,63,54,48,44,38,33,28,25,24,24,26,28,31,34,39,44,48,53,57,63,70,77,83,88,92,95,98,100,102,104,105,108,113,118,120,115,105,93,83,74,66,56,46,37,27,11,-11,-25,-33,-38,-41,-43,-45,-47,-50,-53,-56,-59,-62,-66,-72,-76,-68,-51,-27,11,82,168,254,337,369,390,382,295,144,-27,-172,-222,-236,-249,-265,-284,-321,-369,-399,-418,-431,-440,-448,-456,-462,-462,-451,-434,-415,-392,-380,-374,-371,-368,-364,-360,-358,-355,-353,-349,-344,-337,-330,-324,-318,-313,-306,-298,-290,-283,-278,-274,-271,-268,-265,-261,-258,-255,-251,-246,-240,-233,-224,-214,-205,-200,-196,-193,-191,-188,-186,-184,-180,-175,-170,-166,-161,-157,-154,-150,-147,-143,-140,-136,-131,-126,-120,-113,-108,-103,-98,-95,-92,-89,-86,-80,-70,-57,-43,-34,-28,-23,-17,-10,-2,6,16,28,44,68,81,88,90,91,93,94,95,97,98,100,102,105,108,110,111,112,113,114,116,119,122,130,139,144,141,132,121,108,91,76,62,44,23,3,-15,-34,-55,-65,-72,-78,-82,-85,-87,-87,-87,-85,-82,-78,-75,-71,-68,-65,-61,-57,-51,-44,-36,-28,-21,-13,-4,5,14,21,27,32,37,46,57,70,85,111,136,146,152,156,158,155,147,134,115,80,42,10,-11,-29,-45,-67,-89,-97,-101,-104,-107,-108,-110,-112,-114,-116,-118,-120,-122,-124,-130,-140,-122,-71,5,109,234,368,484,530,521,431,257,58,-96,-163,-168,-124,-77,-60,-55,-62,-73,-79,-84,-88,-91,-92,-94,-94,-93,-90,-84,-76,-67,-58,-49,-36,-22,-13,-9,-7,-5,-2,2,-1,-23,-35,-42,-49,-55,-59,-63,-68,-73,-78,-83,-88,-93,-100,-111,-134,-155,-177,-197,-213,-224,-235,-240,-233,-215,-196,-171,-148,-132,-120,-111,-105,-104,-106,-108,-111,-114,-117,-121,-123,-120,-113,-102,-85,-48,-25,-13,-4,1,6,10,12,14,17,19,21,22,23,23,24,25,25,25,26,27,30,33,37,40,42,43,45,47,50,52,54,55,57,61,66,71,76,81,86,91,96,102,107,109,112,115,120,125,129,130,128,124,120,115,110,103,91,79,73,76,84,92,95,97,98,101,103,107,110,114,118,122,127,131,135,139,142,144,145,147,149,152,156,161,166,171,176,179,181,182,181,179,177,175,174,173,172,171,170,169,168,168,167,167,165,164,162,161,159,158,156,155,153,152,151,150,149,148,146,143,140,134,126,118,118,128,150,213,303,420,562,712,837,855,817,630,377,142,-16,-66,-62,4,53,65,74,79,82,84,84,84,83,81,77,73,67,60,54,50,43,36,30,28,31,39,48,55,59,63,67,72,76,80,83,85,86,86,85,84,83,81,79,77,75,73,71,70,71,71,72,72,71,71,70,69,66,63,59,53,47,41,32,14,-3,-20,-29,-37,-44,-49,-54,-57,-57,-56,-53,-50,-47,-46,-45,-43,-40,-37,-34,-31,-30,-30,-30,-31,-33,-35,-39,-43,-47,-50,-53,-56,-58,-60,-63,-65,-68,-69,-71,-73,-76,-79,-81,-83,-85,-85,-85,-85,-85,-84,-83,-81,-79,-79,-78,-78,-77,-76,-74,-72,-70,-67,-61,-55,-53,-55,-58,-60,-62,-64,-65,-65,-66,-67,-68,-69,-70,-71,-72,-75,-80,-81,-76,-72,-70,-69,-67,-65,-63,-61,-58,-53,-49,-43,-31,-10,-1,3,7,10,11,9,6,1,-3,-7,-12,-17,-23,-30,-36,-43,-51,-60,-74,-84,-93,-100,-107,-112,-112,-106,-93,-75,-46,4,59,123,195,280,381,489,571,581,552,406,196,-14,-172,-229,-229,-192,-162,-133,-105,-84,-68,-60,-51,-43,-55,-66,-74,-79,-78,-69,-55,-37,-15,-9,-4,0,2,-3,-14,-22,-32,-39,-38,-29,-15,7,40,65,84,98,110,122,121,106,98,92,87,82,80,81,86,94,103,113,123,136,149,156,157,158,159,159,160,157,139,112,81,60,44,27,17,8,2,0,1,7,17,33,65,91,108,114,115,115,115,115,104,94,87,81,79,78,78,77,76,75,71,56,44,32,26,29,38,51,72,97,121,146,163,171,177,180,175,162,149,135,126,121,118,116,114,112,110,108,105,102,98,94,89,81,67,57,42,21,7,0,-7,-10,-9,-4,0,3,6,9,12,15,16,17,17,17,16,14,13,12,10,7,4,0,-6,-13,-23,-36,-30,-11,27,46,54,60,64,67,69,74,81,69,50,26,9,0,-12,-24,-34,-44,-52,-53,-46,-35,-26,-15,-7,-6,-12,-21,-36,-51,-58,-62,-51,-20,30,96,174,261,359,465,571,659,694,640,493,280,50,-133,-213,-220,-176,-100,-38,-15,-3,3,-6,-36,-66,-77,-76,-65,-56,-47,-42,-47,-57,-66,-75,-82,-86,-89,-91,-93,-95,-99,-103,-107,-111,-116,-123,-123,-112,-105,-99,-93,-89,-86,-84,-83,-80,-78,-74,-70,-64,-58,-51,-43,-42,-49,-53,-57,-61,-64,-68,-72,-77,-83,-90,-101,-109,-112,-113,-116,-119,-109,-92,-73,-63,-58,-55,-52,-49,-46,-43,-39,-37,-34,-32,-28,-22,-17,-14,-14,-18,-24,-28,-32,-35,-39,-43,-46,-46,-43,-38,-31,-24,-18,-9,0,6,13,17,22,29,33,25,9,0,-11,-22,-28,-29,-27,-21,-13,10,59,72,76,80,70,60,53,45,34,21,8,-7,-15,-12,-3,4,12,21,30,37,43,47,52,57,64,70,76,79,83,86,90,94,97,99,101,103,104,105,105,104,102,99,97,94,92,89,86,82,74,64,54,37,13,-7,-22,-27,-33,-38,-26,-10,4,25,45,63,64,52,34,13,1,-8,-8,1,29,95,193,310,425,530,602,610,574,447,271,89,-41,-71,-78,-83,-89,-96,-103,-112,-122,-128,-122,-105,-79,-49,-32,-20,-21,-35,-50,-66,-78,-90,-100,-100,-89,-82,-76,-71,-67,-67,-72,-79,-86,-91,-96,-101,-106,-109,-110,-110,-107,-102,-96,-87,-65,-51,-43,-37,-33,-31,-31,-32,-36,-43,-52,-83,-131,-147,-150,-153,-155,-156,-157,-156,-152,-147,-141,-137,-134,-130,-125,-122,-120,-122,-125,-129,-135,-140,-147,-161,-169,-160,-145,-137,-131,-125,-119,-115,-112,-111,-110,-111,-113,-116,-120,-125,-131,-137,-141,-146,-150,-155,-160,-164,-167,-166,-165,-165,-164,-163,-162,-161,-160,-158,-156,-154,-152,-149,-146,-144,-142,-140,-138,-136,-134,-132,-129,-124,-115,-109,-115,-127,-137,-148,-156,-163,-170,-176,-181,-187,-191,-193,-191,-185,-175,-163,-144,-109,-88,-75,-65,-61,-61,-62,-64,-65,-65,-66,-66,-67,-69,-74,-81,-93,-116,-132,-142,-149,-151,-148,-140,-131,-124,-117,-111,-107,-107,-112,-119,-128,-141,-162,-179,-190,-198,-205,-209,-209,-205,-195,-181,-156,-121,-93,-67,-28,34,136,266,388,455,455,387,225,26,-145,-224,-251,-234,-207,-180,-164,-153,-148,-153,-163,-171,-179,-185,-188,-181,-168,-155,-147,-140,-133,-127,-121,-114,-108,-102,-96,-91,-85,-80,-75,-65,-55,-48,-42,-38,-35,-32,-30,-27,-23,-19,-16,-15,-14,-12,-10,-6,0,13,22,27,31,35,40,46,54,61,65,69,73,76,79,82,85,89,92,96,101,106,112,124,157,176,182,188,192,195,198,201,205,208,212,214,217,220,222,224,226,227,229,232,234,237,239,240,242,242,242,242,241,239,237,234,232,231,229,226,221,215,211,210,213,219,225,230,237,243,245,241,232,223,217,211,205,201,197,194,192,192,192,193,194,196,200,203,207,210,214,218,223,228,233,239,243,247,252,257,267,285,303,321,337,347,353,359,365,369,369,361,350,339,332,325,319,312,304,296,290,285,282,278,274,267,251,220,207,201,195,189,185,183,181,181,180,181,182,185,191,198,205,213,231,265,314,375,467,605,757,842,843,755,558,326,133,40,9,40,70,94,105,95,77,64,52,41,30,22,14,7,-1,-10,-17,-19,-14,-5,6,15,23,31,41,50,55,54,50,45,39,34,30,25,18,11,7,7,10,16,21,26,31,36,42,48,53,57,58,57,55,50,44,35,26,16,1,-14,-28,-41,-50,-58,-65,-70,-72,-72,-68,-61,-54,-47,-43,-38,-32,-27,-21,-16,-11,-7,-4,-2,-1,0,0,0,2,6,10,9,0,-13,-32,-52,-52,-52,-53,-54,-54,-53,-52,-51,-50,-49,-49,-52,-56,-57,-59,-61,-64,-67,-71,-78,-86,-96,-116,-146,-158,-164,-168,-171,-175,-176,-177,-177,-176,-175,-172,-169,-165,-159,-147,-123,-108,-98,-92,-91,-97,-106,-121,-141,-150,-157,-161,-157,-146,-135,-119,-94,-78,-68,-60,-54,-47,-41,-36,-31,-26,-20,-13,-6,-3,-6,-14,-25,-38,-56,-69,-89,-110,-122,-130,-135,-136,-135,-132,-130,-129,-127,-126,-126,-129,-134,-139,-144,-153,-159,-159,-151,-138,-117,-88,-45,1,56,121,193,262,297,309,282,198,58,-115,-271,-359,-368,-329,-240,-193,-179,-198,-219,-237,-238,-224,-215,-208,-202,-197,-194,-191,-187,-184,-180,-175,-171,-167,-163,-160,-157,-153,-149,-145,-141,-137,-133,-129,-124,-113,-89,-76,-68,-62,-58,-58,-61,-66,-71,-77,-86,-85,-71,-62,-56,-50,-45,-39,-35,-30,-21,-9,-23,-35,-41,-47,-54,-61,-67,-72,-79,-91,-97,-90,-75,-62,-48,-35,-23,-15,-9,-4,0,5,9,10,10,7,4,0,-4,-9,-15,-25,-35,-40,-45,-51,-59,-57,-39,-24,-11,0,10,20,29,40,48,49,44,34,18,-6,-31,-49,-58,-65,-63,-44,-24,-4,4,8,10,12,13,15,17,18,19,20,21,22,23,22,20,17,14,10,7,4,1,-1,-4,-7,-12,-22,-31,-30,-18,0,23,51,62,71,82,98,114,129,128,111,92,71,54,41,30,14,-6,-22,-38,-50,-52,-45,-34,-24,-11,0,13,21,25,30,34,38,42,47,51,55,59,64,71,83,104,118,153,199,265,357,473,602,716,763,703,528,285,50,-110,-137,-124,-33,26,48,48,33,22,15,9,3,-2,-7,-15,-33,-58,-70,-77,-81,-84,-83,-81,-78,-76,-72,-66,-63,-68,-76,-81,-85,-90,-94,-96,-96,-94,-90,-85,-78,-71,-60,-48,-34,-21,-13,-6,0,6,10,13,15,15,14,12,9,5,0,-6,-11,-16,-22,-32,-43,-51,-53,-50,-44,-35,-19,-1,2,4,7,10,11,12,13,16,21,25,29,31,32,34,38,41,43,42,36,28,19,14,11,7,2,-2,-5,-7,-10,-12,-16,-20,-25,-29,-32,-34,-37,-40,-44,-46,-47,-49,-50,-52,-55,-57,-60,-62,-64,-66,-68,-70,-72,-73,-74,-73,-73,-72,-71,-70,-67,-64,-61,-58,-55,-53,-50,-48,-45,-39,-25,-18,-14,-9,-3,0,1,-5,-15,-23,-32,-39,-40,-35,-30,-26,-21,-16,-14,-19,-31,-45,-59,-78,-90,-99,-108,-117,-124,-129,-133,-138,-145,-149,-145,-136,-128,-121,-116,-114,-118,-128,-141,-154,-174,-176,-164,-129,-75,11,132,270,404,509,540,527,425,258,63,-113,-207,-238,-224,-184,-137,-124,-116,-108,-100,-93,-88,-81,-74,-69,-66,-68,-74,-82,-90,-97,-106,-113,-117,-114,-104,-91,-75,-50,-25,1,23,25,27,30,9,-10,-24,-33,-38,-40,-42,-45,-47,-50,-51,-46,-36,-26,-19,-12,-3,3,8,9,6,2,-2,-7,-11,-17,-23,-28,-31,-29,-24,-17,-9,8,37,53,63,73,82,90,100,113,113,100,85,69,63,60,56,55,57,67,79,89,100,110,115,118,120,124,127,124,106,94,86,79,73,68,64,60,56,52,48,44,42,43,47,53,60,68,82,98,106,110,114,115,117,118,119,122,124,127,129,131,132,133,134,136,138,140,143,148,153,158,164,169,174,178,183,187,192,197,202,205,205,201,195,188,180,170,161,154,147,142,138,134,129,123,117,111,102,84,48,16,-4,-8,-7,-7,-7,-7,-6,-5,-4,-2,0,1,0,-3,-9,-16,-27,-35,-43,-50,-32,23,111,229,380,534,628,634,569,404,207,20,-120,-184,-190,-153,-100,-72,-64,-60,-59,-62,-70,-78,-83,-88,-93,-98,-102,-103,-102,-101,-98,-94,-89,-83,-75,-66,-56,-45,-38,-32,-26,-21,-18,-18,-20,-23,-26,-30,-33,-36,-42,-48,-50,-48,-42,-35,-26,-12,-4,0,4,7,8,6,0,-9,-24,-50,-66,-75,-81,-81,-75,-68,-64,-61,-57,-54,-51,-48,-47,-45,-42,-39,-37,-34,-32,-30,-27,-23,-18,-15,-12,-9,-6,-1,4,12,25,31,32,34,37,35,21,7,-4,-17,-30,-40,-47,-54,-59,-61,-60,-56,-50,-43,-35,-21,-9,-2,2,7,10,12,13,13,11,10,8,7,4,1,-1,-3,-4,-3,-1,1,3,5,8,11,15,19,23,27,31,35,41,49,56,62,67,70,73,77,81,86,90,93,96,99,102,105,109,111,111,108,103,97,90,76,47,28,16,7,2,2,6,12,17,22,27,32,36,42,46,50,56,65,82,101,120,138,153,171,200,263,370,499,593,599,536,358,145,-29,-101,-124,-104,-43,-10,0,-9,-21,-31,-31,-25,-16,-7,-23,-41,-55,-65,-72,-79,-85,-87,-80,-66,-43,-18,-10,-6,-3,0,2,4,7,11,15,19,23,26,29,32,35,39,41,43,43,42,41,41,41,41,40,37,35,34,33,31,30,29,28,27,26,26,26,26,27,27,28,30,31,33,34,36,40,24,-2,-20,-25,-29,-31,-30,-20,-7,2,15,24,24,15,3,-8,-24,-33,-38,-42,-47,-51,-53,-51,-44,-35,-22,-5,0,4,8,12,12,5,-7,-30,-57,-73,-85,-84,-69,-59,-51,-43,-39,-39,-42,-47,-52,-56,-60,-66,-70,-73,-72,-68,-62,-55,-48,-38,-32,-34,-38,-42,-46,-49,-48,-44,-39,-33,-48,-59,-66,-71,-74,-74,-70,-62,-53,-45,-40,-34,-28,-22,-17,-13,-10,-7,-6,-7,-8,-10,-13,-17,-22,-28,-41,-66,-91,-109,-117,-123,-126,-126,-119,-108,-89,-62,-39,-14,10,34,73,119,183,256,342,437,529,572,567,496,332,122,-84,-239,-277,-267,-171,-63,16,56,70,57,36,7,-29,-54,-65,-75,-73,-56,-45,-38,-32,-27,-23,-19,-16,-13,-10,-8,-6,-4,-3,-2,0,0,2,4,6,7,7,6,5,4,3,1,0,-2,-2,-2,-2,-1,-1,-1,-2,-3,-3,-2,0,0,2,4,7,11,14,16,15,9,0,-7,-13,-18,-23,-29,-34,-40,-46,-51,-56,-61,-66,-71,-78,-90,-99,-103,-106,-107,-107,-109,-111,-114,-116,-117,-118,-119,-120,-120,-120,-120,-119,-120,-121,-122,-124,-126,-128,-131,-133,-136,-140,-143,-146,-153,-162,-144,-116,-85,-64,-51,-36,-20,-2,16,17,4,-18,-32,-35,-36,-37,-38,-36,-32,-24,-12,27,77,108,129,142,151,153,149,142,134,120,94,73,60,51,43,38,33,28,23,20,18,18,18,19,20,21,24,26,24,17,12,7,3,0,-1,0,5,11,19,28,39,52,65,80,106,143,203,274,359,442,488,482,407,246,46,-136,-229,-241,-204,-138,-108,-101,-97,-94,-92,-89,-87,-84,-80,-78,-76,-76,-75,-75,-73,-69,-62,-56,-54,-55,-57,-59,-61,-62,-64,-64,-59,-48,-37,-31,-25,-19,-13,-9,-6,-5,-6,-9,-13,-16,-20,-25,-32,-39,-42,-40,-32,-22,-4,17,25,31,35,34,26,12,-9,-34,-44,-49,-54,-57,-59,-58,-55,-50,-43,-36,-29,-19,-6,6,20,34,51,59,50,33,19,4,-8,-16,-22,-29,-37,-42,-33,-17,-10,-5,0,5,10,14,17,20,21,21,20,18,16,13,10,8,5,2,0,-4,-9,-15,-19,-23,-23,-21,-16,-11,-6,-1,2,7,12,17,22,28,33,38,42,46,50,53,55,58,61,63,65,68,70,73,77,82,88,96,107,128,163,200,236,260,276,283,277,263,244,213,178,151,139,132,127,124,127,136,145,153,162,171,177,177,174,170,165,160,152,147,147,154,168,210,262,329,412,507,602,683,722,717,651,516,361,231,139,83,55,29,5,-14,-26,-5,34,59,64,67,69,70,71,72,74,76,79,81,83,86,92,90,72,61,54,47,41,38,37,39,42,44,47,52,61,62,56,51,48,44,42,43,46,50,53,56,63,67,61,46,32,15,1,-9,-21,-34,-35,-25,-18,-10,-4,-3,-10,-19,-27,-36,-43,-43,-38,-31,-26,-20,-15,-15,-23,-37,-60,-89,-102,-110,-116,-116,-108,-97,-82,-63,-54,-51,-49,-46,-44,-42,-40,-39,-38,-38,-39,-38,-39,-40,-41,-39,-48,-75,-91,-99,-101,-103,-104,-106,-106,-107,-108,-109,-109,-110,-111,-111,-111,-111,-110,-110,-109,-108,-106,-104,-103,-102,-101,-99,-97,-94,-91,-82,-53,-14,13,22,27,31,34,36,40,45,50,56,65,77,105,130,136,141,139,126,116,108,101,94,89,83,77,69,62,57,56,56,55,55,54,52,52,52,53,55,57,60,66,73,87,106,133,162,210,269,352,457,570,651,657,606,459,274,118,42,14,11,16,19,22,25,30,38,46,56,61,56,49,45,42,39,37,36,36,36,35,34,34,34,35,36,38,40,42,43,44,46,47,48,48,48,47,47,45,43,40,37,33,29,25,22,19,16,12,8,4,0,-3,-6,-11,-16,-25,-40,-61,-75,-85,-93,-99,-101,-100,-95,-88,-80,-68,-51,-40,-33,-28,-24,-22,-21,-20,-19,-18,-18,-19,-21,-24,-26,-29,-31,-33,-37,-42,-44,-44,-39,-31,-21,-7,10,11,13,15,17,11,1,-5,-12,-18,-21,-21,-17,-11,-3,15,34,37,38,40,42,44,46,48,49,50,50,51,51,50,48,46,44,42,40,38,36,33,30,27,21,6,1,-4,-9,-9,5,22,40,57,65,71,76,81,85,88,91,92,93,92,91,90,88,85,82,77,72,66,53,25,11,4,-1,-6,-10,-13,-13,-10,-7,-2,2,6,12,17,23,30,35,42,51,69,99,146,207,282,371,478,599,689,700,663,534,360,195,79,28,13,3,-5,-14,-27,-42,-27,-3,17,27,33,38,39,38,35,33,31,29,28,28,29,29,29,28,28,29,30,32,33,31,25,15,6,-2,-16,-27,-29,-24,-16,-8,1,14,30,41,53,62,66,64,59,53,46,39,29,15,1,-14,-25,-32,-37,-40,-43,-46,-48,-49,-50,-50,-49,-47,-44,-40,-34,-27,-19,-11,1,27,32,29,28,26,18,11,6,3,4,11,22,40,55,59,62,64,65,64,59,52,40,17,0,-9,-16,-22,-27,-32,-37,-44,-47,-42,-32,-18,3,17,25,31,34,33,29,24,17,8,-6,-11,-15,-19,-21,-19,-10,1,9,17,24,29,33,36,40,46,54,40,18,2,-2,-6,-9,-8,-4,3,15,35,54,71,78,82,85,88,90,92,94,97,100,103,106,110,113,116,117,117,115,112,108,104,99,91,80,66,53,41,32,27,24,19,13,10,15,26,36,48,58,66,79,99,138,191,267,370,494,618,683,680,600,422,204,6,-120,-157,-158,-123,-80,-65,-66,-76,-85,-93,-103,-115,-137,-158,-169,-177,-180,-177,-166,-148,-129,-120,-113,-114,-129,-151,-178,-192,-201,-207,-210,-206,-198,-190,-185,-181,-177,-172,-169,-165,-162,-158,-156,-153,-150,-147,-144,-142,-140,-138,-136,-134,-132,-131,-132,-135,-139,-143,-147,-151,-157,-162,-168,-175,-181,-188,-194,-201,-208,-213,-215,-213,-209,-203,-196,-170,-133,-110,-89,-73,-57,-47,-38,-33,-33,-38,-43,-47,-51,-55,-59,-60,-57,-51,-44,-37,-30,-23,-14,-7,-2,1,4,6,8,10,12,13,13,13,13,14,14,14,14,13,12,11,10,9,8,6,4,3,2,0,0,12,22,29,37,48,60,71,82,91,91,82,69,61,53,45,39,37,39,43,49,56,70,90,98,102,106,110,112,113,112,109,107,104,101,98,95,92,87,83,79,74,68,60,48,38,29,23,19,15,12,8,4,0,-2,-7,-11,-16,-21,-30,-37,-40,-36,-28,-17,-3,19,38,62,94,125,159,222,312,420,543,650,683,670,569,396,188,0,-99,-132,-109,-41,14,34,32,17,1,-13,-13,-2,9,21,21,8,-3,-13,-21,-21,-14,-4,4,14,19,14,5,0,-5,-10,-13,-15,-14,-12,-10,-9,-8,-6,-3,0,2,4,5,6,7,8,8,7,5,4,3,2,0,-3,-8,-15,-23,-29,-37,-44,-51,-55,-59,-62,-66,-71,-75,-78,-78,-76,-70,-63,-53,-38,-19,-2,11,18,11,-1,-9,-15,-22,-27,-31,-32,-32,-32,-31,-30,-28,-26,-21,-16,-16,-25,-37,-46,-58,-66,-66,-60,-53,-47,-40,-31,-20,-9,2,16,23,17,8,5,2,0,-3,-4,-5,-6,-7,-8,-8,-7,-6,-5,-4,-4,-4,-4,-4,-4,-3,-4,-4,-3,-3,-3,-3,-3,-2,0,2,7,12,18,31,66,92,108,119,126,131,140,151,152,139,131,123,117,114,114,122,134,148,161,181,194,199,203,207,211,213,208,196,188,181,173,165,156,146,136,126,113,102,96,93,90,88,84,81,78,81,89,101,120,153,188,224,286,367,478,608,717,747,723,574,346,121,-45,-110,-131,-94,-62,-42,-27,-20,-17,-14,-12,-8,-4,0,3,1,-4,-11,-20,-31,-30,-15,-5,1,7,11,12,8,2,-6,-14,-22,-33,-44,-53,-60,-66,-73,-81,-87,-88,-82,-70,-50,-20,1,15,24,29,36,44,29,5,-25,-48,-60,-70,-81,-91,-96,-99,-102,-105,-107,-109,-110,-111,-112,-113,-115,-117,-119,-121,-122,-124,-126,-129,-132,-136,-141,-146,-151,-158,-176,-193,-209,-229,-251,-264,-272,-277,-281,-284,-285,-281,-273,-263,-249,-229,-219,-213,-208,-204,-201,-200,-202,-209,-216,-223,-229,-236,-244,-252,-259,-264,-269,-274,-281,-287,-292,-291,-286,-277,-268,-262,-256,-249,-243,-239,-239,-243,-248,-256,-271,-299,-315,-325,-332,-336,-335,-330,-320,-308,-293,-269,-240,-229,-223,-217,-212,-209,-206,-203,-201,-199,-197,-196,-195,-195,-196,-197,-197,-198,-198,-198,-197,-197,-197,-196,-195,-193,-191,-188,-186,-183,-179,-170,-145,-123,-102,-82,-64,-40,-13,28,90,167,246,310,333,310,238,93,-79,-234,-330,-341,-305,-206,-100,-54,-38,-40,-55,-65,-72,-78,-82,-83,-83,-80,-74,-67,-59,-48,-26,1,24,43,54,57,59,62,64,66,65,56,44,35,25,17,11,11,17,27,38,52,70,87,102,116,131,144,155,163,171,179,183,184,182,178,173,170,167,164,162,160,158,156,156,158,163,169,177,184,191,196,203,210,217,222,225,225,224,224,223,223,223,221,217,220,239,267,300,323,339,352,362,372,370,350,336,324,314,308,307,308,309,310,311,312,312,312,314,320,329,344,368,379,384,388,392,393,393,390,384,378,373,370,367,363,359,354,349,346,344,344,343,343,342,341,342,344,345,346,345,343,342,342,343,346,349,353,356,361,366,369,367,361,351,335,305,273,238,205,183,176,171,165,167,184,205,225,232,237,243,241,224,205,188,183,177,172,190,219,251,304,358,416,477,497,487,456,358,218,74,-30,-63,-55,-11,8,13,14,15,18,24,30,34,38,42,45,48,49,49,48,46,43,39,35,30,24,19,13,7,0,-5,-12,-17,-22,-26,-31,-36,-40,-45,-50,-57,-63,-69,-74,-78,-81,-84,-86,-88,-89,-90,-91,-93,-96,-99,-102,-104,-106,-107,-109,-111,-112,-114,-116,-120,-126,-142,-177,-192,-200,-206,-211,-215,-218,-220,-220,-218,-214,-210,-204,-198,-191,-180,-171,-166,-162,-158,-153,-149,-146,-145,-147,-151,-154,-158,-165,-169,-161,-146,-135,-124,-114,-108,-107,-110,-115,-120,-125,-133,-141,-144,-143,-138,-133,-130,-127,-125,-123,-121,-119,-117,-115,-113,-111,-109,-107,-105,-100,-89,-108,-121,-129,-136,-141,-142,-138,-129,-117,-106,-97,-86,-75,-68,-66,-65,-66,-67,-68,-67,-65,-63,-62,-63,-64,-63,-60,-57,-55,-54,-54,-54,-52,-50,-48,-46,-43,-40,-36,-31,-26,-21,-16,-9,3,16,28,43,60,75,96,120,155,210,289,379,465,508,522,489,388,237,65,-81,-120,-114,-40,34,94,114,122,126,128,130,131,132,135,136,138,142,146,149,152,155,160,166,177,198,217,229,238,246,251,252,249,244,237,231,223,216,213,216,224,232,237,242,248,252,255,258,261,264,264,262,260,257,253,249,244,237,223,191,155,135,131,128,124,121,119,119,119,119,120,122,126,130,136,142,148,153,159,166,173,178,181,183,185,188,191,194,197,200,201,200,197,191,182,166,137,106,85,78,74,70,68,67,68,72,79,87,99,115,116,117,119,119,119,114,107,95,70,35,17,11,6,7,24,44,65,76,88,105,118,125,129,127,121,118,114,110,108,108,112,119,126,133,142,149,150,147,140,129,109,86,63,39,13,-7,-20,-32,-42,-49,-54,-57,-61,-65,-70,-76,-83,-90,-98,-108,-118,-122,-120,-114,-104,-89,-64,-39,-16,6,32,79,154,252,357,419,421,368,243,84,-79,-218,-284,-306,-281,-259,-244,-233,-229,-232,-239,-247,-252,-256,-260,-263,-265,-268,-271,-272,-272,-272,-270,-267,-263,-259,-254,-249,-241,-223,-209,-188,-171,-165,-161,-158,-155,-157,-162,-170,-180,-192,-203,-214,-222,-228,-234,-237,-238,-238,-237,-238,-238,-238,-238,-237,-237,-236,-236,-237,-237,-236,-235,-233,-232,-230,-229,-228,-226,-224,-223,-224,-227,-233,-239,-247,-259,-257,-237,-226,-220,-214,-208,-203,-199,-197,-195,-195,-194,-194,-194,-194,-194,-195,-196,-195,-193,-192,-190,-190,-189,-189,-188,-186,-185,-183,-182,-181,-179,-176,-172,-167,-161,-156,-151,-145,-138,-129,-120,-111,-103,-96,-89,-82,-76,-73,-74,-78,-84,-89,-93,-100,-106,-109,-106,-98,-86,-71,-50,-29,-19,-12,-5,0,4,7,9,10,10,11,11,11,11,11,11,14,12,-3,-20,-38,-56,-81,-104,-116,-124,-129,-124,-113,-107,-103,-99,-96,-93,-90,-86,-81,-77,-72,-67,-61,-53,-35,2,64,144,249,372,491,576,586,547,404,200,2,-109,-146,-133,-94,-52,-37,-56,-91,-118,-131,-141,-140,-122,-100,-80,-76,-76,-76,-76,-76,-75,-74,-74,-73,-72,-71,-68,-66,-64,-61,-58,-54,-50,-47,-44,-40,-37,-33,-29,-26,-22,-19,-16,-13,-10,-7,-5,-4,-4,-4,-4,-4,-3,-3,-2,0,1,4,7,10,13,16,19,23,27,31,37,45,62,77,89,96,102,108,113,117,119,118,115,110,106,103,100,94,87,82,81,85,92,101,120,133,134,137,139,140,139,134,129,126,124,121,118,116,115,117,123,129,135,139,143,148,153,159,163,166,169,171,172,174,177,182,189,193,185,169,153,135,125,121,117,113,111,120,141,173,206,220,229,234,238,242,245,249,253,256,256,249,238,222,199,178,155,132,105,77,42,21,12,5,0,-4,-8,-12,-15,-17,-20,-23,-28,-38,-64,-83,-92,-99,-103,-105,-103,-97,-90,-78,-37,12,67,135,227,342,458,538,546,506,366,163,-68,-276,-378,-413,-397,-349,-299,-242,-220,-212,-208,-205,-203,-202,-201,-201,-204,-208,-215,-221,-233,-251,-258,-264,-269,-271,-263,-247,-230,-210,-201,-196,-194,-191,-188,-186,-183,-181,-178,-175,-170,-163,-150,-123,-107,-99,-92,-86,-82,-81,-82,-84,-89,-93,-96,-99,-102,-106,-111,-115,-118,-118,-118,-117,-115,-114,-112,-110,-108,-106,-104,-102,-99,-96,-91,-85,-78,-65,-39,-20,-8,0,3,12,11,-18,-66,-80,-82,-84,-85,-87,-89,-90,-91,-91,-90,-89,-88,-86,-84,-81,-77,-73,-69,-55,-38,-33,-31,-29,-28,-28,-29,-32,-36,-39,-45,-48,-41,-28,-15,0,0,-10,-17,-22,-27,-31,-36,-40,-46,-54,-71,-97,-109,-116,-121,-124,-124,-120,-112,-101,-80,-53,-38,-27,-27,-36,-41,-44,-46,-48,-51,-55,-59,-62,-66,-73,-85,-112,-144,-175,-196,-209,-217,-219,-215,-208,-198,-185,-170,-161,-156,-152,-148,-143,-139,-135,-131,-124,-110,-88,-68,-48,-14,25,81,165,277,390,451,446,353,161,-52,-226,-314,-324,-284,-201,-129,-88,-75,-87,-119,-167,-215,-245,-262,-271,-278,-282,-283,-282,-279,-274,-266,-253,-226,-204,-191,-182,-177,-174,-171,-167,-165,-167,-174,-181,-189,-191,-187,-184,-180,-177,-173,-170,-167,-164,-160,-155,-151,-150,-152,-157,-163,-167,-173,-183,-185,-181,-179,-178,-176,-174,-173,-173,-174,-177,-179,-181,-185,-191,-200,-199,-181,-164,-147,-133,-123,-107,-87,-52,-16,-4,1,5,8,9,12,16,18,10,-5,-18,-32,-42,-45,-47,-50,-53,-37,-13,21,42,53,62,69,72,72,68,63,56,49,42,34,24,15,6,-1,-10,-23,-30,-23,-9,3,16,26,32,35,37,40,44,46,46,43,39,34,31,29,26,24,21,20,21,24,28,33,38,43,49,55,60,63,60,53,44,35,26,16,5,-3,-11,-19,-25,-30,-35,-39,-43,-47,-49,-50,-50,-49,-48,-46,-44,-40,-34,-27,2,56,121,198,281,363,440,514,579,587,562,445,276,85,-84,-169,-177,-135,-75,-21,14,25,32,35,32,25,17,12,8,4,1,-1,-4,-7,-10,-13,-16,-18,-21,-24,-27,-30,-35,-42,-52,-63,-76,-93,-101,-105,-110,-116,-99,-81,-67,-52,-37,-13,16,30,38,44,49,50,49,45,39,31,16,-9,-27,-39,-53,-70,-80,-87,-94,-100,-105,-108,-108,-106,-103,-98,-93,-87,-79,-64,-63,-77,-94,-112,-125,-137,-147,-156,-165,-172,-178,-184,-189,-194,-198,-201,-204,-207,-210,-213,-215,-217,-218,-221,-224,-228,-232,-236,-238,-240,-243,-247,-251,-255,-259,-262,-266,-270,-273,-276,-279,-281,-285,-290,-295,-297,-296,-291,-285,-278,-270,-262,-254,-246,-238,-230,-221,-211,-200,-191,-181,-164,-136,-107,-74,-48,-34,-22,-11,-2,4,10,16,21,26,30,35,39,44,49,54,59,64,69,73,78,85,99,127,147,156,164,173,181,191,207,227,242,260,279,307,349,400,458,531,623,724,821,877,873,795,622,431,283,227,231,304,403,481,509,518,522,527,532,538,547,564,594,609,615,620,623,625,629,633,637,640,644,650,656,672,703,734,761,778,792,808,818,825,832,838,844,849,854,859,864,870,877,881,883,880,874,865,854,831,799,780,764,745,733,725,719,713,707,702,697,685,661,645,637,631,625,618,611,605,597,586,576,567,552,526,511,504,500,496,491,487,483,480,476,470,460,443,423,407,396,385,373,361,352,345,339,333,328,324,319,316,313,312,310,308,306,304,302,300,298,294,291,287,283,278,273,265,255,243,232,219,204,186,172,162,151,141,128,111,103,99,96,93,90,88,85,83,80,78,76,74,72,71,69,65,54,27,7,-1,-12,-25,-42,-64,-92,-110,-127,-144,-164,-191,-224,-243,-256,-265,-269,-266,-259,-251,-245,-240,-235,-229,-225,-221,-217,-211,-189,-132,-38,90,228,323,331,275,115,-75,-259,-399,-437,-432,-363,-316,-301,-316,-362,-418,-457,-479,-489,-496,-501,-505,-508,-510,-510,-508,-504,-499,-495,-491,-486,-482,-476,-470,-464,-460,-456,-452,-449,-446,-443,-441,-440,-439,-436,-432,-428,-425,-422,-420,-418,-414,-410,-406,-403,-400,-396,-389,-380,-369,-357,-347,-340,-334,-327,-321,-317,-315,-315,-316,-316,-317,-318,-318,-319,-321,-322,-315,-301,-290,-282,-273,-265,-256,-246,-233,-217,-209,-212,-218,-223,-231,-229,-213,-201,-192,-183,-171,-160,-155,-151,-149,-146,-143,-141,-139,-137,-134,-131,-128,-125,-124,-123,-123,-123,-120,-115,-107,-92,-78,-66,-56,-48,-40,-30,-20,-12,-7,-2,1,5,9,13,17,22,28,33,39,45,50,56,64,73,82,89,96,101,106,112,120,137,161,168,171,174,177,180,181,181,181,181,181,179,175,170,163,157,152,146,141,133,123,115,111,112,115,120,126,133,141,156,170,183,203,230,275,331,405,503,624,735,787,778,681,499,305,157,106,107,168,232,254,240,198,130,100,84,71,72,88,99,108,115,118,117,114,111,108,107,105,103,101,99,98,97,96,96,98,101,105,109,112,114,116,121,127,132,135,133,126,118,111,105,98,90,83,77,76,76,77,78,79,80,83,79,58,40,24,12,3,-2,-7,-14,-21,-26,-26,-20,-10,0,8,17,26,33,36,36,33,27,19,3,-14,-23,-30,-19,-6,4,3,-11,-21,-30,-37,-40,-37,-31,-23,-13,1,10,18,27,27,11,-6,-26,-42,-51,-56,-61,-64,-67,-69,-71,-72,-73,-73,-74,-75,-76,-80,-78,-64,-56,-49,-43,-40,-41,-45,-52,-59,-67,-79,-85,-80,-69,-52,-29,-13,-3,6,14,22,31,36,31,23,16,10,5,0,-7,-15,-24,-31,-38,-44,-49,-53,-56,-59,-61,-64,-66,-69,-72,-75,-77,-78,-77,-74,-68,-60,-46,-19,7,35,85,149,219,294,373,445,485,499,466,365,167,-47,-215,-266,-262,-193,-117,-81,-69,-87,-118,-143,-152,-159,-164,-164,-160,-156,-154,-153,-152,-151,-149,-147,-143,-139,-136,-133,-131,-128,-125,-118,-104,-96,-93,-90,-88,-86,-82,-79,-75,-71,-68,-63,-58,-49,-32,-19,-10,-2,3,3,-2,-11,-19,-28,-38,-48,-58,-70,-83,-96,-107,-115,-122,-127,-129,-128,-124,-118,-110,-100,-84,-64,-55,-51,-48,-45,-42,-39,-36,-34,-32,-30,-28,-26,-24,-23,-22,-22,-21,-19,-13,-6,4,16,24,31,38,43,47,49,50,51,53,56,62,61,55,52,51,51,50,50,50,49,48,47,46,45,44,44,45,47,49,52,55,59,62,66,69,72,75,78,83,96,107,108,100,91,84,77,71,68,67,70,76,84,93,104,120,129,123,111,94,67,52,44,38,31,24,18,13,8,4,1,-2,-6,-10,-13,-18,-22,-27,-33,-39,-51,-60,-61,-58,-52,-33,14,81,159,249,349,445,528,554,539,438,283,120,-19,-116,-161,-177,-183,-182,-173,-159,-135,-107,-95,-89,-85,-80,-75,-69,-62,-52,-53,-69,-96,-121,-134,-143,-142,-125,-100,-72,-47,-24,-12,-4,0,3,3,2,1,0,0,0,0,0,0,0,0,-2,-3,-4,-4,-4,-4,-5,-7,-9,-10,-13,-16,-24,-40,-57,-77,-97,-108,-117,-118,-112,-108,-104,-99,-89,-77,-70,-64,-59,-53,-49,-46,-44,-43,-43,-43,-44,-45,-47,-51,-55,-58,-60,-64,-73,-81,-87,-93,-99,-102,-95,-82,-72,-63,-55,-47,-41,-34,-21,-6,0,7,0,-18,-27,-33,-37,-39,-41,-43,-45,-46,-48,-51,-52,-50,-45,-37,-22,0,21,43,55,62,67,71,73,71,67,62,57,52,44,39,42,49,56,61,69,80,95,123,143,149,153,138,121,108,95,82,63,32,13,3,-4,-10,-13,-13,-10,-5,0,5,11,18,25,31,36,40,45,55,75,99,122,162,212,283,371,438,461,439,374,228,48,-128,-266,-309,-308,-254,-176,-90,-24,0,0,-17,-44,-70,-78,-81,-83,-86,-87,-87,-88,-90,-91,-91,-92,-92,-92,-91,-91,-91,-90,-90,-90,-90,-90,-90,-90,-89,-87,-84,-81,-77,-73,-67,-56,-45,-35,-24,-12,1,7,11,14,16,17,17,11,2,-6,-12,-18,-24,-29,-32,-31,-29,-24,-17,-10,0,18,26,29,32,33,35,36,38,39,41,42,41,40,39,37,34,32,30,27,23,20,17,14,7,0,0,5,12,15,18,21,22,23,24,25,27,28,29,28,28,28,30,31,33,34,35,35,37,39,42,45,47,49,50,52,55,59,63,67,70,73,75,76,76,75,73,70,67,64,62,61,60,58,55,53,50,48,46,43,39,35,31,28,25,21,13,-1,-12,-20,-25,-28,-31,-35,-40,-46,-53,-59,-66,-73,-80,-90,-100,-106,-105,-101,-93,-85,-70,-41,-9,26,95,187,295,399,471,477,435,301,111,-83,-232,-285,-286,-243,-198,-182,-184,-205,-218,-226,-234,-241,-246,-250,-253,-255,-258,-262,-266,-270,-273,-273,-269,-262,-254,-246,-239,-230,-221,-213,-210,-210,-212,-215,-218,-221,-228,-232,-224,-210,-204,-201,-198,-196,-194,-194,-193,-192,-191,-189,-188,-188,-187,-187,-186,-185,-183,-182,-181,-181,-181,-179,-175,-171,-167,-155,-132,-125,-121,-117,-114,-111,-109,-107,-103,-101,-98,-96,-95,-93,-89,-80,-79,-91,-102,-112,-120,-123,-125,-129,-134,-133,-122,-110,-97,-80,-68,-62,-57,-51,-44,-38,-29,-12,6,12,17,20,21,19,13,4,-9,-26,-33,-37,-40,-42,-42,-39,-33,-25,-12,10,24,33,40,43,40,31,21,10,-3,-11,-7,1,14,35,59,85,104,115,122,122,116,107,97,83,70,60,52,42,31,19,7,0,-6,-12,-17,-20,-19,-10,1,8,14,19,23,27,32,36,39,43,47,51,57,65,73,80,90,125,194,280,380,496,602,647,598,458,263,77,-54,-90,-83,-12,50,65,77,84,89,92,93,92,91,90,88,86,81,76,72,67,62,60,63,69,78,89,106,123,147,171,184,194,198,192,180,168,155,146,139,135,132,128,124,121,121,122,125,128,132,136,142,145,143,138,134,131,129,124,119,111,103,93,79,66,56,47,38,32,32,38,47,57,72,89,98,104,109,113,116,117,116,112,106,100,95,90,84,78,71,65,58,52,43,32,23,18,13,4,-6,-12,-17,-20,-18,-10,-3,3,9,13,17,23,29,30,24,19,15,11,8,8,9,11,13,16,21,19,0,-16,-34,-41,-43,-45,-48,-45,-28,-16,-8,-2,2,5,8,10,12,14,15,16,17,19,20,21,22,23,24,26,27,27,28,30,33,38,43,44,40,35,30,23,24,34,40,45,48,51,52,52,50,48,45,42,39,34,30,30,36,49,88,162,282,448,642,826,940,951,890,700,465,259,123,86,89,142,178,189,174,148,131,127,124,123,123,123,123,122,121,120,120,121,122,124,125,127,130,135,127,121,116,112,111,114,122,132,146,161,161,161,162,162,163,163,161,157,151,145,136,122,106,85,58,41,31,24,21,23,26,29,32,35,38,41,42,43,42,41,39,37,35,32,28,26,27,33,41,53,70,88,115,130,134,138,128,118,112,106,99,91,84,79,74,69,63,60,57,55,53,51,48,46,45,44,41,38,34,32,32,35,37,40,42,44,46,49,51,51,49,43,35,26,16,4,-7,-15,-23,-30,-38,-44,-48,-50,-54,-57,-59,-54,-46,-41,-36,-32,-27,-25,-25,-27,-28,-31,-34,-37,-44,-45,-41,-37,-33,-49,-72,-89,-75,-62,-53,-46,-46,-52,-61,-73,-87,-101,-136,-185,-204,-213,-221,-220,-206,-197,-192,-188,-184,-181,-177,-173,-170,-165,-160,-153,-138,-108,-76,-47,0,59,144,251,369,464,478,454,330,171,15,-95,-113,-119,-101,-87,-79,-73,-69,-66,-64,-62,-61,-58,-52,-52,-57,-61,-66,-68,-62,-49,-35,-18,-1,9,16,22,29,35,41,45,49,53,56,59,60,60,58,55,51,48,45,41,36,31,24,16,6,-11,-41,-61,-71,-80,-91,-102,-112,-123,-132,-140,-147,-154,-164,-179,-192,-201,-208,-213,-215,-215,-211,-204,-196,-188,-176,-163,-148,-138,-131,-125,-120,-115,-109,-104,-99,-94,-88,-82,-73,-64,-55,-48,-39,-26,-7,8,18,24,29,32,34,37,40,43,44,47,49,51,53,54,55,55,53,50,46,42,35,31,36,47,54,61,67,73,76,76,73,68,62,55,47,33,25,36,55,66,76,85,92,97,99,100,101,102,102,102,102,101,102,103,104,102,97,91,87,85,83,82,80,78,75,72,70,68,66,63,60,56,52,47,37,13,-11,-28,-39,-48,-55,-62,-68,-75,-82,-88,-95,-105,-114,-117,-113,-104,-87,-36,42,148,262,367,464,540,566,533,426,247,63,-96,-207,-245,-242,-190,-114,-69,-56,-49,-45,-46,-51,-60,-67,-71,-74,-78,-82,-86,-92,-96,-100,-102,-103,-104,-105,-107,-108,-108,-110,-114,-118,-120,-118,-110,-100,-83,-50,-24,-8,-1,-8,-21,-28,-35,-42,-47,-49,-49,-43,-35,-26,-20,-16,-14,-11,-9,-7,-5,-3,-1,1,4,7,9,10,11,12,12,12,12,13,13,13,12,12,11,12,12,12,11,10,9,7,7,7,6,6,4,3,1,0,-1,-3,-6,-9,-12,-13,-13,-10,-5,0,5,12,19,29,39,48,57,66,75,86,94,95,89,82,77,72,67,63,61,64,72,84,95,105,116,128,138,143,146,147,148,149,150,152,154,155,156,157,159,162,166,171,177,182,193,211,216,219,223,226,227,227,224,218,213,208,204,199,192,183,174,165,157,148,140,132,126,123,121,119,116,112,107,101,95,91,88,85,82,78,76,76,77,79,83,88,96,127,211,337,480,607,663,656,565,383,148,-79,-228,-252,-243,-173,-107,-60,-43,-43,-62,-91,-126,-150,-167,-167,-153,-132,-108,-96,-88,-84,-87,-100,-116,-125,-133,-141,-147,-153,-155,-156,-155,-153,-149,-144,-139,-126,-98,-73,-55,-47,-40,-34,-32,-39,-53,-61,-67,-73,-78,-82,-86,-90,-94,-97,-101,-104,-106,-108,-111,-115,-119,-122,-124,-125,-126,-126,-125,-125,-123,-119,-115,-110,-106,-102,-99,-93,-87,-80,-75,-71,-68,-65,-61,-57,-53,-51,-50,-51,-55,-60,-67,-74,-81,-90,-100,-104,-107,-109,-111,-115,-118,-118,-112,-103,-92,-79,-77,-85,-90,-94,-98,-100,-100,-98,-95,-89,-83,-71,-52,-44,-39,-35,-33,-33,-36,-41,-47,-55,-69,-84,-92,-97,-101,-105,-107,-109,-111,-112,-111,-110,-109,-108,-106,-103,-100,-97,-94,-91,-85,-79,-75,-75,-78,-83,-90,-98,-110,-120,-133,-151,-171,-186,-194,-200,-198,-178,-165,-155,-147,-141,-137,-137,-138,-139,-141,-143,-148,-153,-141,-119,-98,-78,-58,-39,-19,15,77,171,293,393,404,360,197,-16,-210,-319,-331,-284,-191,-146,-143,-177,-205,-216,-220,-218,-215,-211,-207,-206,-212,-224,-231,-237,-241,-245,-246,-246,-243,-240,-234,-229,-222,-211,-203,-198,-194,-191,-186,-183,-186,-191,-195,-199,-204,-206,-206,-200,-192,-183,-171,-153,-151,-162,-170,-177,-184,-191,-197,-204,-213,-212,-196,-172,-144,-129,-121,-114,-111,-111,-112,-115,-118,-123,-129,-117,-98,-77,-66,-60,-56,-52,-48,-44,-38,-26,-6,13,34,51,64,74,83,91,78,57,40,31,25,26,35,42,47,53,60,70,80,89,98,107,115,121,126,129,133,136,140,144,148,151,153,156,160,167,171,167,159,153,148,144,141,140,143,148,153,157,161,166,171,176,179,180,178,175,172,169,163,154,169,194,219,232,240,248,259,271,290,309,300,274,238,229,221,213,206,192,170,154,142,142,152,159,166,172,174,172,166,157,142,120,106,97,93,96,107,125,150,170,184,196,209,230,272,342,447,585,734,844,856,801,613,357,124,-25,-48,-38,35,95,116,103,81,56,39,27,23,31,47,54,58,61,64,65,67,70,73,77,80,82,85,87,89,91,93,96,100,108,116,122,126,129,133,137,140,141,139,133,125,115,100,81,68,58,50,44,39,37,36,35,33,31,28,25,25,27,31,36,41,50,63,47,20,4,0,-3,-7,-11,-15,-21,-29,-8,8,18,27,36,44,51,58,67,78,90,100,110,116,121,124,128,130,131,128,122,114,106,99,95,92,89,86,82,78,73,69,64,60,56,52,48,45,41,37,32,25,18,12,9,9,9,9,8,7,6,5,5,4,4,4,4,5,6,9,13,12,2,-2,-6,-11,-15,-17,-19,-20,-20,-20,-18,-13,-8,-2,4,10,17,26,36,43,42,37,27,15,-4,-41,-83,-125,-148,-162,-173,-179,-179,-176,-169,-160,-147,-128,-109,-96,-87,-79,-71,-64,-56,-44,-28,-11,11,36,75,128,216,331,450,527,529,461,282,59,-138,-240,-277,-280,-263,-243,-223,-213,-206,-199,-195,-197,-208,-222,-232,-242,-253,-262,-269,-275,-280,-286,-292,-298,-304,-309,-312,-314,-319,-327,-325,-308,-294,-282,-271,-259,-248,-243,-240,-237,-233,-231,-230,-229,-229,-229,-228,-227,-224,-222,-221,-221,-220,-219,-217,-213,-209,-205,-201,-195,-182,-170,-164,-160,-157,-154,-151,-148,-145,-142,-138,-136,-134,-131,-128,-124,-119,-108,-80,-54,-35,-20,-9,0,8,8,1,-9,-19,-30,-39,-38,-30,-19,-10,0,8,14,18,24,32,37,31,18,9,1,-6,-10,-9,-2,7,16,21,27,33,39,44,50,54,57,58,59,59,59,59,59,60,60,60,61,62,64,67,71,74,79,85,96,123,150,167,173,176,179,182,185,187,188,189,191,192,194,195,195,197,198,196,187,175,162,147,134,122,115,110,105,101,97,94,90,86,83,79,75,69,64,50,15,-6,-17,-26,-32,-34,-33,-30,-24,-15,18,71,145,237,340,439,487,481,400,233,46,-99,-136,-149,-135,-116,-103,-122,-147,-165,-146,-129,-115,-106,-103,-107,-113,-118,-123,-127,-128,-126,-121,-117,-115,-113,-111,-109,-107,-104,-101,-98,-95,-92,-89,-86,-83,-79,-74,-70,-65,-59,-50,-41,-30,-20,-9,4,18,28,33,37,41,45,49,54,57,57,51,42,31,17,-3,-18,-28,-37,-44,-47,-42,-30,-16,-6,3,12,20,26,32,36,40,42,45,47,50,51,51,48,42,35,27,22,19,16,13,10,8,7,5,3,1,0,-2,-4,-5,-6,-6,-6,-6,-5,-4,-1,0,2,4,4,4,5,6,6,7,8,9,11,13,16,17,16,11,5,-1,-7,-14,-20,-26,-31,-36,-41,-46,-50,-56,-65,-72,-71,-64,-53,-43,-32,-20,-9,0,19,45,58,66,72,77,79,81,82,87,93,75,56,42,26,8,-7,-23,-33,-38,-42,-44,-46,-47,-49,-50,-51,-51,-50,-46,-42,-37,-32,-26,-18,-6,5,21,48,83,137,208,310,435,560,643,650,601,454,256,52,-95,-134,-149,-148,-130,-120,-115,-111,-107,-103,-98,-93,-87,-81,-76,-71,-65,-59,-46,-23,-15,-13,-13,-13,-13,-11,-9,-7,-5,-3,-2,0,0,1,2,4,6,9,13,17,26,45,69,83,94,103,109,111,110,107,101,94,86,73,61,50,44,39,35,31,28,26,25,26,29,32,37,42,47,54,65,77,91,114,139,149,155,161,165,167,166,164,160,157,152,147,144,149,161,171,183,190,190,188,187,186,185,185,184,183,181,178,174,171,167,164,161,158,152,147,143,142,145,151,158,164,170,176,183,188,191,189,183,177,171,167,164,161,158,156,154,151,147,144,141,138,135,133,131,128,126,123,120,115,109,102,96,91,85,76,61,46,31,16,0,-18,-36,-54,-79,-108,-131,-148,-154,-160,-165,-167,-159,-143,-132,-124,-117,-111,-105,-101,-98,-94,-89,-69,-25,37,121,215,295,339,354,324,233,84,-90,-277,-422,-465,-406,-295,-191,-121,-99,-114,-158,-198,-213,-213,-197,-186,-175,-167,-168,-177,-191,-200,-210,-218,-221,-220,-212,-201,-189,-176,-158,-146,-143,-140,-138,-136,-135,-133,-131,-130,-130,-129,-129,-129,-131,-133,-135,-138,-140,-142,-143,-144,-147,-150,-152,-153,-152,-150,-147,-145,-143,-140,-137,-134,-133,-133,-135,-136,-139,-142,-146,-153,-151,-135,-116,-96,-80,-72,-66,-61,-57,-53,-49,-43,-38,-32,-27,-22,-18,-15,-13,-10,-8,-6,-5,-4,-2,0,1,4,6,7,7,7,7,8,8,9,11,18,40,53,59,64,68,71,73,75,76,76,75,73,71,68,66,64,61,58,54,50,48,49,52,57,62,68,77,82,77,67,60,54,48,41,35,28,19,6,4,14,20,24,29,33,35,35,33,31,29,26,23,19,15,9,4,-2,-9,-16,-24,-31,-34,-30,-23,-13,-3,9,20,30,44,60,75,112,158,216,296,393,507,640,763,807,791,663,440,205,37,-10,-8,53,121,161,163,133,91,50,25,12,5,1,-3,-9,-16,-25,-44,-73,-85,-90,-95,-97,-99,-101,-104,-108,-111,-114,-117,-120,-125,-132,-137,-129,-118,-112,-109,-106,-103,-100,-97,-95,-92,-89,-88,-87,-87,-88,-89,-91,-93,-95,-97,-101,-104,-108,-113,-123,-134,-144,-153,-161,-168,-167,-158,-147,-140,-133,-126,-120,-116,-116,-117,-121,-126,-132,-146,-164,-170,-174,-177,-179,-180,-179,-175,-170,-164,-155,-141,-136,-132,-129,-127,-126,-126,-129,-133,-140,-152,-173,-184,-189,-193,-196,-200,-204,-208,-212,-218,-227,-241,-248,-254,-260,-259,-249,-220,-186,-166,-155,-147,-142,-140,-142,-147,-155,-167,-186,-195,-200,-204,-207,-208,-209,-207,-203,-197,-190,-175,-153,-140,-132,-125,-118,-108,-92,-84,-79,-76,-73,-72,-73,-74,-75,-77,-79,-81,-83,-86,-89,-90,-89,-84,-78,-68,-47,-31,-22,-16,-16,-19,-26,-37,-53,-63,-70,-70,-58,-42,-23,5,52,121,223,357,510,637,691,646,504,291,78,-63,-92,-84,-49,-30,-41,-56,-68,-76,-82,-88,-92,-92,-86,-78,-64,-49,-43,-39,-36,-36,-37,-40,-43,-48,-38,-21,-4,7,14,20,26,31,36,42,50,59,68,78,86,92,98,102,105,109,112,115,118,121,124,129,132,132,129,123,115,98,80,68,61,53,39,21,7,0,-4,-6,-4,2,12,25,42,69,105,120,125,128,130,132,134,138,142,147,151,154,157,160,163,165,168,171,173,175,177,179,182,185,188,192,199,207,214,223,233,243,247,250,253,255,257,258,258,258,258,258,258,257,256,254,252,251,251,249,248,249,254,261,264,266,268,269,271,272,274,277,279,281,282,284,285,286,288,290,292,296,307,313,316,318,321,323,324,325,325,323,320,316,310,300,282,264,244,225,211,200,186,174,170,167,165,164,163,162,162,162,162,163,165,168,172,176,193,235,291,364,466,601,736,812,809,719,526,298,97,-24,-39,-26,13,34,25,-4,-31,-41,-27,-4,17,34,45,39,18,-18,-61,-92,-102,-107,-107,-101,-93,-84,-72,-72,-80,-92,-111,-132,-150,-161,-167,-171,-173,-170,-164,-155,-143,-126,-113,-102,-93,-88,-91,-98,-109,-126,-158,-198,-223,-242,-254,-262,-268,-278,-289,-298,-304,-290,-274,-259,-245,-226,-203,-164,-128,-107,-95,-89,-84,-80,-79,-80,-80,-81,-82,-83,-84,-85,-84,-78,-67,-56,-43,-35,-29,-26,-23,-20,-18,-16,-13,-11,-8,-7,-5,-4,-2,0,2,5,5,4,1,-2,-5,-7,-10,-14,-17,-19,-17,-14,-9,-3,10,27,34,38,42,44,41,34,26,19,11,4,1,3,11,21,35,54,67,76,82,87,94,101,109,117,125,133,137,137,133,126,120,115,111,107,102,97,92,87,81,73,56,30,18,12,8,5,4,5,9,14,18,23,28,33,37,40,41,41,40,37,33,25,28,72,154,265,393,521,604,608,549,393,197,20,-70,-100,-82,-27,8,21,3,-52,-121,-174,-192,-185,-162,-120,-73,-47,-34,-28,-24,-21,-20,-21,-24,-29,-37,-47,-63,-75,-83,-91,-96,-97,-92,-84,-72,-51,-29,-11,-3,0,3,6,8,8,4,-1,-9,-16,-23,-35,-44,-45,-36,-26,-19,-12,-5,0,0,-1,-5,-9,-14,-17,-21,-25,-29,-32,-33,-32,-28,-23,-16,-1,15,21,27,29,27,25,22,24,39,48,56,62,65,65,61,55,46,32,0,-24,-36,-44,-49,-54,-57,-60,-65,-72,-76,-67,-52,-42,-34,-25,-19,-14,-13,-14,-17,-20,-24,-27,-30,-34,-38,-42,-46,-49,-53,-57,-61,-66,-72,-77,-78,-72,-60,-48,-39,-29,-20,-12,-6,-1,3,8,13,19,23,28,31,33,39,45,25,1,-19,-36,-49,-57,-66,-78,-91,-101,-111,-120,-126,-128,-127,-122,-114,-104,-87,-51,-27,-14,-4,5,13,22,40,72,132,211,307,416,515,557,549,468,309,123,-33,-89,-87,-23,20,20,-23,-102,-152,-169,-146,-109,-75,-63,-59,-56,-54,-53,-52,-50,-47,-44,-40,-38,-36,-35,-35,-34,-33,-32,-31,-30,-28,-26,-24,-22,-20,-17,-15,-14,-13,-12,-11,-11,-10,-8,-3,-1,-8,-19,-26,-30,-33,-37,-40,-44,-49,-53,-58,-62,-66,-71,-75,-79,-87,-96,-103,-104,-101,-96,-88,-78,-63,-56,-52,-48,-44,-42,-43,-49,-55,-61,-68,-74,-73,-63,-49,-35,-17,-1,11,22,33,40,41,33,23,16,8,0,-4,-4,0,5,14,30,51,59,64,68,70,70,65,57,47,27,1,-10,-19,-24,-17,-1,14,32,41,45,48,50,51,54,58,61,64,68,73,79,86,96,112,119,121,123,127,131,131,123,110,96,78,70,66,62,57,54,56,63,69,75,80,79,73,64,58,53,47,44,43,48,58,72,99,137,161,179,198,222,250,293,354,439,536,614,618,562,373,148,-30,-100,-101,-41,45,83,76,35,-1,-18,-26,-31,-35,-37,-38,-38,-35,-32,-28,-24,-21,-18,-16,-15,-14,-12,-12,-11,-9,-7,-5,-3,-1,-1,-1,0,0,0,0,-2,-4,-5,-6,-7,-7,-8,-9,-9,-8,-6,-5,-6,-7,-9,-11,-13,-16,-21,-27,-35,-42,-48,-56,-70,-82,-84,-76,-63,-48,-28,-14,-5,1,7,11,11,8,4,0,-4,-8,-7,3,15,23,30,37,43,47,47,44,39,32,25,20,14,8,4,0,-3,-5,-6,-4,0,7,15,23,31,39,48,58,68,75,80,82,83,84,85,85,85,85,86,87,89,90,90,90,90,90,90,90,89,88,87,87,88,90,93,96,101,106,109,105,94,83,75,70,65,59,54,49,44,38,32,27,22,17,12,6,-1,-16,-28,-32,-36,-41,-46,-50,-51,-43,-24,30,101,195,307,425,530,592,613,575,456,258,50,-95,-144,-141,-99,-69,-50,-38,-41,-63,-75,-82,-89,-95,-98,-100,-99,-96,-92,-88,-82,-77,-72,-66,-58,-51,-47,-47,-52,-60,-70,-79,-87,-96,-106,-114,-119,-123,-126,-129,-132,-137,-141,-144,-144,-138,-129,-120,-112,-101,-92,-92,-101,-116,-134,-158,-176,-189,-200,-207,-207,-199,-186,-171,-151,-137,-130,-126,-122,-118,-116,-113,-111,-109,-107,-106,-105,-104,-104,-103,-100,-93,-109,-122,-130,-136,-140,-143,-145,-149,-155,-163,-147,-122,-92,-73,-62,-54,-47,-40,-34,-26,-21,-21,-28,-37,-44,-50,-56,-60,-62,-60,-56,-51,-43,-33,-14,6,24,38,49,58,64,70,74,77,77,74,69,64,59,52,45,42,46,54,64,74,88,95,86,71,58,45,34,28,23,16,6,7,26,36,42,47,52,56,60,64,67,70,73,75,78,82,89,103,118,161,218,280,342,416,508,603,657,652,569,394,185,2,-104,-119,-93,-5,78,114,126,104,79,58,57,72,86,101,107,110,111,112,113,114,115,115,112,108,102,97,92,86,80,75,73,74,78,84,92,106,132,152,166,171,175,180,178,163,152,144,136,131,131,135,141,149,166,182,186,188,190,190,184,174,161,145,139,135,131,128,127,130,134,137,140,143,145,145,142,137,130,116,87,65,50,41,40,47,59,78,108,134,152,159,167,174,160,137,108,76,44,21,6,-3,-9,-16,-22,-27,-27,-20,-7,11,42,62,76,82,77,67,55,41,24,1,-19,-33,-42,-26,0,27,47,59,68,75,80,84,88,92,96,99,102,106,112,109,91,71,51,39,27,15,-4,-16,-24,-30,-36,-39,-42,-44,-46,-47,-48,-49,-51,-52,-52,-52,-51,-48,-46,-41,-34,-7,39,105,187,276,358,405,406,361,244,91,-59,-178,-225,-241,-224,-173,-123,-94,-71,-56,-56,-74,-93,-112,-112,-94,-80,-69,-59,-55,-58,-64,-69,-72,-74,-76,-78,-79,-81,-84,-85,-85,-84,-83,-81,-78,-74,-67,-66,-71,-77,-82,-85,-80,-66,-45,-15,8,24,29,34,39,36,16,7,1,-4,-9,-13,-15,-17,-18,-19,-18,-17,-15,-12,-7,-1,3,7,12,18,23,27,29,29,27,24,22,19,16,11,4,-4,-17,-25,-32,-38,-43,-47,-49,-48,-45,-41,-36,-29,-17,-16,-23,-27,-29,-32,-34,-37,-39,-43,-47,-51,-56,-60,-63,-66,-69,-77,-84,-89,-87,-79,-69,-59,-54,-50,-46,-40,-34,-29,-25,-22,-20,-19,-19,-19,-21,-24,-27,-32,-37,-42,-47,-53,-63,-74,-83,-94,-114,-146,-164,-175,-183,-189,-191,-189,-183,-175,-166,-155,-140,-131,-134,-140,-145,-150,-154,-154,-146,-130,-85,-17,69,170,272,336,337,276,124,-72,-274,-401,-420,-393,-314,-241,-203,-184,-172,-164,-159,-161,-169,-180,-195,-216,-219,-222,-225,-209,-200,-197,-195,-194,-194,-194,-194,-194,-193,-192,-192,-192,-192,-192,-192,-192,-192,-191,-191,-190,-188,-186,-183,-179,-175,-170,-161,-138,-121,-103,-84,-65,-51,-39,-31,-30,-35,-43,-49,-56,-63,-67,-67,-61,-53,-46,-40,-34,-28,-22,-15,-8,-2,3,11,26,47,53,57,61,57,37,8,-22,-38,-46,-52,-58,-63,-68,-72,-76,-80,-85,-88,-88,-84,-78,-69,-53,-24,-4,7,14,15,11,5,2,0,-3,-6,-8,-8,-6,-3,0,4,9,15,22,30,36,43,53,67,80,91,99,107,116,124,134,134,119,106,93,79,67,58,52,48,44,38,33,29,24,19,14,7,0,-7,-13,-19,-32,-59,-80,-92,-101,-105,-105,-102,-95,-86,-56,-17,18,54,101,164,249,347,431,458,445,351,193,6,-159,-270,-301,-311,-291,-256,-226,-208,-196,-190,-187,-185,-183,-182,-179,-175,-168,-161,-155,-151,-148,-145,-142,-139,-135,-130,-126,-122,-119,-116,-112,-109,-105,-94,-65,-49,-42,-37,-32,-29,-26,-22,-16,-10,-5,-1,2,6,12,18,24,26,23,19,13,7,0,-9,-17,-25,-34,-46,-63,-87,-107,-117,-124,-123,-108,-94,-80,-68,-56,-47,-41,-36,-31,-25,-20,-13,-7,0,10,18,19,14,7,2,-2,-6,-9,-10,-7,-2,2,8,17,22,17,5,-12,-32,-41,-47,-51,-53,-51,-47,-41,-38,-35,-32,-30,-26,-21,-16,-11,-6,0,9,26,38,48,56,60,62,63,65,68,70,72,72,73,74,75,76,76,75,74,74,75,79,81,78,70,57,40,32,27,23,20,19,19,21,25,28,31,34,37,41,46,51,56,63,78,99,129,173,241,335,450,571,667,707,667,547,380,206,83,55,47,41,38,37,38,40,44,47,51,57,60,55,43,30,16,8,3,0,-2,-5,-7,-7,-6,-4,0,4,13,32,49,62,71,75,77,79,80,82,84,85,86,87,88,88,89,90,90,90,91,96,95,82,70,59,48,39,33,29,25,22,18,14,11,8,6,2,-1,-8,-13,-12,-6,2,10,18,25,30,35,40,45,50,56,60,66,87,114,121,127,131,133,132,131,129,128,127,124,120,128,134,138,142,145,146,146,146,145,145,144,143,140,137,142,149,155,153,142,128,114,106,102,100,97,95,94,95,98,105,114,132,151,156,160,162,164,164,164,162,159,154,138,103,84,69,57,44,34,26,20,21,25,30,36,44,48,45,35,8,-26,-49,-76,-97,-110,-119,-120,-111,-97,-80,-55,-24,15,67,137,227,345,486,626,707,707,627,434,203,5,-117,-148,-157,-163,-166,-169,-170,-171,-171,-170,-168,-164,-160,-155,-150,-144,-132,-126,-129,-140,-168,-200,-236,-258,-274,-285,-290,-286,-274,-256,-230,-213,-201,-196,-200,-207,-213,-218,-223,-226,-226,-224,-220,-216,-213,-210,-207,-204,-200,-197,-193,-187,-177,-158,-145,-138,-134,-135,-140,-149,-163,-185,-202,-214,-213,-201,-183,-161,-144,-132,-123,-111,-95,-84,-76,-73,-78,-90,-99,-107,-115,-121,-125,-129,-137,-146,-136,-118,-94,-64,-36,-15,-1,2,3,4,6,6,6,5,2,-1,-6,-10,-14,-18,-21,-23,-22,-18,-13,-7,4,26,43,56,64,71,77,80,74,62,54,46,38,34,34,37,44,53,70,94,106,113,121,130,141,160,187,203,213,219,222,220,213,203,185,164,157,153,150,148,145,143,140,137,133,129,125,119,111,105,105,111,118,127,140,153,168,189,211,235,280,342,431,538,638,693,691,630,478,295,150,106,91,99,111,107,78,62,56,52,64,85,104,114,120,124,126,126,123,120,117,114,110,107,105,106,110,114,121,132,151,179,197,202,206,208,205,195,184,169,150,137,127,120,119,123,129,133,138,143,148,151,154,159,166,166,157,151,147,143,139,135,133,131,127,122,116,108,99,90,81,77,82,92,101,112,120,125,131,138,137,122,101,74,63,60,57,54,52,51,49,48,47,47,47,47,47,48,49,50,50,51,52,52,53,53,53,53,52,51,50,48,46,44,41,37,33,29,21,2,-9,-15,-21,-28,-32,-33,-29,-20,4,49,88,99,107,112,114,112,106,99,91,85,77,69,61,54,47,39,30,19,7,-2,-10,-19,-28,-36,-46,-56,-68,-74,-79,-83,-87,-89,-87,-83,-80,-78,-77,-76,-73,-69,-65,-58,-49,-16,44,120,205,298,391,455,478,449,357,191,-4,-176,-254,-280,-262,-209,-159,-142,-135,-135,-143,-153,-165,-179,-185,-187,-192,-198,-197,-180,-160,-138,-123,-112,-103,-98,-99,-101,-103,-104,-107,-109,-111,-111,-108,-101,-92,-82,-72,-57,-45,-41,-37,-33,-28,-30,-46,-70,-90,-96,-100,-104,-105,-102,-94,-83,-63,-34,-20,-12,-7,-2,2,8,12,16,21,27,33,35,32,25,16,5,-11,-27,-36,-44,-50,-54,-55,-54,-52,-50,-46,-39,-41,-60,-89,-115,-122,-125,-128,-130,-131,-131,-132,-132,-131,-129,-127,-125,-121,-117,-114,-109,-105,-101,-96,-92,-89,-87,-86,-85,-84,-82,-79,-74,-69,-68,-70,-75,-81,-88,-98,-96,-72,-53,-37,-24,-20,-19,-19,-18,-16,-13,-6,4,22,45,58,66,71,71,63,50,31,-1,-42,-70,-81,-87,-92,-96,-99,-101,-106,-113,-113,-100,-90,-79,-71,-68,-66,-64,-62,-59,-56,-53,-50,-46,-30,21,101,211,347,480,560,563,497,331,116,-89,-204,-242,-219,-153,-100,-83,-99,-128,-152,-161,-167,-171,-171,-168,-163,-155,-146,-137,-122,-107,-93,-74,-56,-56,-57,-56,-55,-54,-57,-66,-75,-84,-94,-102,-102,-99,-96,-93,-90,-86,-81,-75,-68,-57,-42,-20,-5,14,39,58,70,76,73,64,35,-16,-43,-61,-74,-72,-52,-33,-17,-6,0,7,14,19,20,13,5,0,-2,-6,-9,-12,-13,-13,-12,-9,-5,0,4,8,13,18,23,26,28,27,24,18,12,6,0,-8,-20,-31,-37,-42,-45,-49,-55,-58,-50,-33,-12,11,29,39,48,55,58,58,51,40,29,21,14,8,2,-2,-7,-10,-12,-13,-13,-12,-8,-4,1,8,17,33,67,99,133,154,166,174,177,174,166,155,142,122,105,87,71,57,50,46,42,39,36,34,32,29,26,24,21,19,17,15,12,9,4,-1,-6,-5,0,10,24,50,91,156,237,331,436,536,590,587,518,387,228,73,-39,-64,-70,-76,-86,-97,-112,-130,-131,-113,-86,-57,-43,-35,-29,-27,-27,-28,-31,-35,-40,-45,-50,-57,-65,-70,-72,-69,-62,-52,-32,-5,5,12,18,21,22,20,16,13,11,8,6,4,2,0,0,0,0,0,2,5,8,12,15,17,20,21,22,23,24,24,24,25,27,29,31,33,35,37,39,41,43,46,49,52,56,61,67,73,77,81,84,86,89,91,92,93,95,99,103,101,89,73,63,56,50,44,39,34,29,25,22,19,16,12,8,4,1,-2,-6,-11,-16,-23,-30,-38,-48,-62,-74,-74,-63,-49,-41,-34,-28,-22,-16,-9,-2,4,9,15,20,25,29,34,38,44,49,53,57,60,62,62,62,61,60,57,55,52,48,45,43,40,37,33,30,26,23,20,16,12,7,1,-5,-13,-20,-19,-11,-1,5,11,17,25,34,45,65,133,227,327,440,570,691,745,734,623,429,220,54,-10,-31,1,34,59,71,61,45,34,25,16,7,-1,-11,-19,-28,-38,-48,-55,-59,-61,-61,-61,-63,-66,-69,-69,-60,-48,-35,-19,-11,-7,-2,4,2,-15,-23,-28,-32,-35,-37,-38,-39,-40,-41,-42,-41,-41,-40,-39,-39,-39,-39,-39,-40,-41,-42,-42,-43,-43,-44,-44,-45,-47,-49,-52,-58,-64,-69,-72,-71,-65,-58,-50,-42,-31,-20,-14,-9,-6,-4,-2,0,1,3,3,3,2,0,-2,-6,-10,-16,-21,-27,-33,-40,-46,-54,-64,-84,-113,-130,-141,-150,-158,-167,-177,-176,-157,-128,-101,-92,-87,-83,-81,-80,-81,-81,-81,-82,-85,-85,-75,-70,-66,-63,-60,-57,-54,-51,-47,-41,-36,-30,-25,-20,-15,-9,-5,-1,1,4,6,10,14,17,19,19,17,13,8,2,-3,-12,-24,-37,-47,-56,-72,-101,-123,-136,-146,-155,-161,-167,-173,-179,-181,-178,-170,-159,-145,-125,-109,-94,-78,-64,-30,13,74,161,278,408,493,501,450,304,115,-70,-210,-278,-300,-286,-263,-239,-227,-221,-217,-211,-203,-195,-187,-179,-170,-163,-158,-157,-156,-156,-155,-154,-152,-150,-148,-147,-145,-143,-139,-134,-129,-125,-121,-119,-117,-114,-110,-106,-102,-98,-94,-90,-87,-84,-82,-82,-82,-83,-84,-84,-83,-83,-83,-82,-81,-78,-76,-81,-93,-101,-108,-115,-120,-122,-120,-115,-107,-97,-76,-45,-27,-16,-3,11,20,27,34,41,45,46,45,43,40,39,37,36,33,31,29,28,29,32,37,43,49,57,71,82,92,99,106,111,114,115,113,110,106,101,93,94,108,120,128,137,148,159,172,187,195,188,173,154,133,122,114,108,104,104,110,117,123,129,135,137,133,123,113,106,101,95,91,88,86,86,87,89,94,100,107,120,139,139,139,140,141,141,135,126,112,81,63,57,51,47,43,40,37,35,32,30,27,25,24,24,23,21,16,7,-1,-10,-19,-30,-30,-17,19,74,146,242,357,485,600,633,619,516,329,100,-89,-161,-184,-164,-146,-135,-126,-118,-110,-102,-95,-88,-82,-76,-74,-75,-81,-89,-98,-110,-128,-139,-148,-157,-162,-160,-153,-133,-93,-63,-41,-27,-19,-18,-24,-33,-50,-70,-80,-87,-89,-82,-68,-53,-34,-20,-10,-1,4,8,11,14,20,19,10,2,-5,-16,-32,-58,-85,-98,-106,-112,-114,-111,-104,-95,-80,-56,-43,-35,-29,-25,-25,-29,-34,-40,-44,-48,-52,-56,-58,-58,-55,-50,-42,-35,-26,-10,-3,0,1,4,5,4,-4,-14,-22,-32,-41,-45,-42,-36,-30,-25,-20,-16,-12,-8,-3,2,9,25,42,49,54,52,40,27,14,0,-13,-26,-32,-37,-42,-45,-39,-27,-19,-13,-7,-2,2,6,9,12,17,23,35,52,64,75,82,82,76,67,53,26,-6,-30,-40,-46,-51,-56,-60,-63,-70,-78,-73,-67,-62,-57,-51,-44,-36,-27,-28,-41,-49,-56,-62,-67,-69,-68,-64,-59,-53,-30,6,53,111,193,295,392,441,441,392,268,90,-97,-234,-270,-265,-200,-124,-75,-59,-72,-94,-113,-126,-135,-121,-96,-80,-75,-71,-72,-83,-96,-108,-112,-116,-120,-109,-94,-81,-68,-58,-51,-46,-44,-44,-45,-46,-47,-48,-50,-52,-51,-47,-40,-33,-29,-25,-21,-16,-12,-9,-8,-8,-8,-7,-7,-6,-6,-6,-5,-4,-3,-5,-7,-8,-11,-13,-14,-11,-3,6,26,54,68,77,83,88,89,86,82,78,75,71,67,64,62,60,60,61,62,63,64,65,67,69,72,75,78,80,83,86,90,94,98,102,107,112,117,122,125,126,124,121,117,113,109,105,100,96,92,89,86,86,87,90,94,99,106,114,123,140,151,160,167,173,177,180,181,180,177,174,170,165,159,152,146,138,127,128,145,155,164,172,178,180,178,171,163,155,146,130,121,126,135,143,150,157,160,159,151,142,133,127,120,113,106,102,102,104,109,114,121,135,159,195,256,355,487,630,731,741,687,521,319,131,0,-44,-45,-7,16,20,23,24,27,29,30,31,32,32,32,32,31,31,31,33,35,36,38,40,42,43,45,47,49,51,53,57,62,67,72,78,83,89,95,100,104,108,111,115,119,122,124,125,123,121,118,115,110,106,101,94,88,84,83,82,81,81,81,82,83,84,84,83,82,82,81,80,78,76,74,71,68,64,59,49,37,27,18,7,-6,-6,8,19,27,35,40,39,34,26,20,16,12,8,4,0,0,0,4,9,14,17,21,25,29,31,29,24,17,10,4,0,-5,-11,-16,-21,-24,-27,-30,-33,-37,-44,-48,-43,-34,-27,-20,-13,-7,-2,1,6,11,16,20,24,28,31,34,37,41,44,46,47,46,43,39,32,25,19,15,11,6,1,-2,-7,-12,-16,-20,-23,-26,-28,-31,-34,-39,-49,-56,-60,-63,-65,-67,-69,-70,-70,-68,-63,-54,-44,-23,11,61,115,183,270,382,514,619,629,576,399,179,-15,-101,-130,-118,-102,-89,-107,-137,-168,-181,-187,-192,-196,-197,-198,-199,-199,-197,-194,-189,-184,-179,-172,-166,-155,-146,-142,-140,-138,-136,-132,-129,-136,-150,-160,-169,-177,-182,-182,-179,-174,-167,-154,-127,-105,-94,-86,-82,-79,-77,-74,-72,-70,-69,-69,-71,-77,-84,-93,-103,-118,-128,-136,-142,-149,-154,-157,-156,-151,-146,-142,-138,-133,-129,-127,-126,-125,-126,-126,-127,-128,-129,-129,-122,-116,-110,-107,-111,-120,-127,-135,-139,-135,-127,-123,-119,-117,-114,-112,-114,-118,-125,-131,-138,-149,-158,-159,-159,-160,-160,-159,-159,-158,-157,-156,-155,-154,-152,-149,-144,-139,-118,-90,-82,-76,-73,-72,-73,-75,-78,-81,-85,-88,-92,-95,-99,-102,-104,-105,-104,-103,-100,-97,-92,-88,-78,-57,-45,-38,-33,-31,-32,-37,-44,-51,-59,-70,-80,-88,-95,-101,-106,-111,-116,-122,-127,-133,-140,-152,-152,-140,-127,-113,-101,-93,-86,-82,-81,-82,-85,-88,-93,-99,-99,-89,-62,-6,73,175,285,384,436,434,368,226,46,-135,-263,-301,-315,-315,-303,-285,-260,-242,-232,-224,-216,-209,-199,-185,-174,-159,-140,-123,-102,-87,-80,-76,-71,-67,-64,-61,-58,-55,-52,-48,-42,-37,-31,-22,-9,0,5,11,15,16,15,13,10,1,-35,-48,-49,-40,-34,-29,-23,-17,-10,-3,13,29,33,35,38,41,43,45,48,53,53,49,44,39,40,50,65,83,101,121,144,164,196,229,240,246,246,243,237,229,211,190,165,136,116,108,104,100,95,90,85,83,81,80,78,76,74,73,70,67,64,60,56,53,51,48,44,40,37,34,32,31,30,30,30,31,33,37,41,51,63,66,69,70,67,59,52,43,37,32,27,20,20,30,42,53,41,8,-42,-86,-110,-134,-154,-181,-215,-261,-286,-293,-299,-303,-309,-328,-364,-375,-380,-383,-368,-356,-349,-343,-339,-336,-331,-327,-323,-319,-315,-310,-304,-298,-294,-294,-297,-301,-306,-312,-320,-324,-321,-312,-286,-245,-190,-117,-27,81,208,348,466,516,471,342,172,3,-116,-163,-178,-161,-144,-134,-125,-118,-111,-97,-78,-67,-63,-59,-56,-52,-48,-45,-41,-36,-27,-14,0,17,40,51,56,61,64,67,70,73,76,77,79,81,84,91,103,111,118,125,124,113,107,102,97,94,93,94,98,102,106,109,112,116,119,122,124,126,126,127,127,127,126,124,122,121,120,120,119,118,117,117,118,121,125,131,137,152,173,181,186,190,191,187,179,172,169,166,163,159,155,151,149,148,148,147,145,144,143,143,143,144,144,143,142,141,141,140,139,138,137,136,138,139,141,142,142,140,135,128,115,103,98,94,95,112,132,152,158,160,162,164,165,167,168,169,169,170,170,171,172,172,171,170,170,171,172,173,174,175,177,180,183,186,189,192,199,212,197,174,147,118,91,70,56,46,38,30,31,49,63,72,81,88,93,97,102,107,115,122,131,139,150,164,177,209,258,324,415,530,639,689,685,609,444,235,42,-90,-115,-103,-11,54,77,76,60,17,-32
